1,27,28
2,28,29
3,29,30
4,30,31
5,31,32
6,32,33
7,33,34
8,34,35
9,35,36
10,36,37
11,37,38
12,38,39
13,39,40
14,40,41
15,41,42
16,42,43
17,43,44
18,44,45
19,45,46
20,46,47
21,47,48
22,48,49
23,49,50
24,50,51
25,51,52
27,53,54
28,54,55
29,55,56
30,56,57
31,57,58
32,58,59
33,59,60
34,60,61
35,61,62
36,62,63
37,63,64
38,64,65
39,65,66
40,66,67
41,67,68
42,68,69
43,69,70
44,70,71
45,71,72
46,72,73
47,73,74
48,74,75
49,75,76
50,76,77
51,77,78
53,79,80
54,80,81
55,81,82
56,82,83
57,83,84
58,84,85
59,85,86
60,86,87
61,87,88
62,88,89
63,89,90
64,90,91
65,91,92
66,92,93
67,93,94
68,94,95
69,95,96
70,96,97
71,97,98
72,98,99
73,99,100
74,100,101
75,101,102
76,102,103
77,103,104
79,105,106
80,106,107
81,107,108
82,108,109
83,109,110
84,110,111
85,111,112
86,112,113
87,113,114
88,114,115
89,115,116
90,116,117
91,117,118
92,118,119
93,119,120
94,120,121
95,121,122
96,122,123
97,123,124
98,124,125
99,125,126
100,126,127
101,127,128
102,128,129
103,129,130
105,131,132
106,132,133
107,133,134
108,134,135
109,135,136
110,136,137
111,137,138
112,138,139
113,139,140
114,140,141
115,141,142
116,142,143
117,143,144
118,144,145
119,145,146
120,146,147
121,147,148
122,148,149
123,149,150
124,150,151
125,151,152
126,152,153
127,153,154
128,154,155
129,155,156
131,157,158
132,158,159
133,159,160
134,160,161
135,161,162
136,162,163
137,163,164
138,164,165
139,165,166
140,166,167
141,167,168
142,168,169
143,169,170
144,170,171
145,171,172
146,172,173
147,173,174
148,174,175
149,175,176
150,176,177
151,177,178
152,178,179
153,179,180
154,180,181
155,181,182
157,183,184
158,184,185
159,185,186
160,186,187
161,187,188
162,188,189
163,189,190
164,190,191
165,191,192
166,192,193
167,193,194
168,194,195
169,195,196
170,196,197
171,197,198
172,198,199
173,199,200
174,200,201
175,201,202
176,202,203
177,203,204
178,204,205
179,205,206
180,206,207
181,207,208
183,209,210
184,210,211
185,211,212
186,212,213
187,213,214
188,214,215
189,215,216
190,216,217
191,217,218
192,218,219
193,219,220
194,220,221
195,221,222
196,222,223
197,223,224
198,224,225
199,225,226
200,226,227
201,227,228
202,228,229
203,229,230
204,230,231
205,231,232
206,232,233
207,233,234
209,235,236
210,236,237
211,237,238
212,238,239
213,239,240
214,240,241
215,241,242
216,242,243
217,243,244
218,244,245
219,245,246
220,246,247
221,247,248
222,248,249
223,249,250
224,250,251
225,251,252
226,252,253
227,253,254
228,254,255
229,255,256
230,256,257
231,257,258
232,258,259
233,259,260
235,261,262
236,262,263
237,263,264
238,264,265
239,265,266
240,266,267
241,267,268
242,268,269
243,269,270
244,270,271
245,271,272
246,272,273
247,273,274
248,274,275
249,275,276
250,276,277
251,277,278
252,278,279
253,279,280
254,280,281
255,281,282
256,282,283
257,283,284
258,284,285
259,285,286
261,287,288
262,288,289
263,289,290
264,290,291
265,291,292
266,292,293
267,293,294
268,294,295
269,295,296
270,296,297
271,297,298
272,298,299
273,299,300
274,300,301
275,301,302
276,302,303
277,303,304
278,304,305
279,305,306
280,306,307
281,307,308
282,308,309
283,309,310
284,310,311
285,311,312
287,313,314
288,314,315
289,315,316
290,316,317
291,317,318
292,318,319
293,319,320
294,320,321
295,321,322
296,322,323
297,323,324
298,324,325
299,325,326
300,326,327
301,327,328
302,328,329
303,329,330
304,330,331
305,331,332
306,332,333
307,333,334
308,334,335
309,335,336
310,336,337
311,337,338
313,339,340
314,340,341
315,341,342
316,342,343
317,343,344
318,344,345
319,345,346
320,346,347
321,347,348
322,348,349
323,349,350
324,350,351
325,351,352
326,352,353
327,353,354
328,354,355
329,355,356
330,356,357
331,357,358
332,358,359
333,359,360
334,360,361
335,361,362
336,362,363
337,363,364
339,365,366
340,366,367
341,367,368
342,368,369
343,369,370
344,370,371
345,371,372
346,372,373
347,373,374
348,374,375
349,375,376
350,376,377
351,377,378
352,378,379
353,379,380
354,380,381
355,381,382
356,382,383
357,383,384
358,384,385
359,385,386
360,386,387
361,387,388
362,388,389
363,389,390
365,391,392
366,392,393
367,393,394
368,394,395
369,395,396
370,396,397
371,397,398
372,398,399
373,399,400
374,400,401
375,401,402
376,402,403
377,403,404
378,404,405
379,405,406
380,406,407
381,407,408
382,408,409
383,409,410
384,410,411
385,411,412
386,412,413
387,413,414
388,414,415
389,415,416
391,417,418
392,418,419
393,419,420
394,420,421
395,421,422
396,422,423
397,423,424
398,424,425
399,425,426
400,426,427
401,427,428
402,428,429
403,429,430
404,430,431
405,431,432
406,432,433
407,433,434
408,434,435
409,435,436
410,436,437
411,437,438
412,438,439
413,439,440
414,440,441
415,441,442
417,443,444
418,444,445
419,445,446
420,446,447
421,447,448
422,448,449
423,449,450
424,450,451
425,451,452
426,452,453
427,453,454
428,454,455
429,455,456
430,456,457
431,457,458
432,458,459
433,459,460
434,460,461
435,461,462
436,462,463
437,463,464
438,464,465
439,465,466
440,466,467
441,467,468
443,469,470
444,470,471
445,471,472
446,472,473
447,473,474
448,474,475
449,475,476
450,476,477
451,477,478
452,478,479
453,479,480
454,480,481
455,481,482
456,482,483
457,483,484
458,484,485
459,485,486
460,486,487
461,487,488
462,488,489
463,489,490
464,490,491
465,491,492
466,492,493
467,493,494
469,495,496
470,496,497
471,497,498
472,498,499
473,499,500
474,500,501
475,501,502
476,502,503
477,503,504
478,504,505
479,505,506
480,506,507
481,507,508
482,508,509
483,509,510
484,510,511
485,511,512
486,512,513
487,513,514
488,514,515
489,515,516
490,516,517
491,517,518
492,518,519
493,519,520
495,521,522
496,522,523
497,523,524
498,524,525
499,525,526
500,526,527
501,527,528
502,528,529
503,529,530
504,530,531
505,531,532
506,532,533
507,533,534
508,534,535
509,535,536
510,536,537
511,537,538
512,538,539
513,539,540
514,540,541
515,541,542
516,542,543
517,543,544
518,544,545
519,545,546
521,547,548
522,548,549
523,549,550
524,550,551
525,551,552
526,552,553
527,553,554
528,554,555
529,555,556
530,556,557
531,557,558
532,558,559
533,559,560
534,560,561
535,561,562
536,562,563
537,563,564
538,564,565
539,565,566
540,566,567
541,567,568
542,568,569
543,569,570
544,570,571
545,571,572
547,573,574
548,574,575
549,575,576
550,576,577
551,577,578
552,578,579
553,579,580
554,580,581
555,581,582
556,582,583
557,583,584
558,584,585
559,585,586
560,586,587
561,587,588
562,588,589
563,589,590
564,590,591
565,591,592
566,592,593
567,593,594
568,594,595
569,595,596
570,596,597
571,597,598
573,599,600
574,600,601
575,601,602
576,602,603
577,603,604
578,604,605
579,605,606
580,606,607
581,607,608
582,608,609
583,609,610
584,610,611
585,611,612
586,612,613
587,613,614
588,614,615
589,615,616
590,616,617
591,617,618
592,618,619
593,619,620
594,620,621
595,621,622
596,622,623
597,623,624
599,625,626
600,626,627
601,627,628
602,628,629
603,629,630
604,630,631
605,631,632
606,632,633
607,633,634
608,634,635
609,635,636
610,636,637
611,637,638
612,638,639
613,639,640
614,640,641
615,641,642
616,642,643
617,643,644
618,644,645
619,645,646
620,646,647
621,647,648
622,648,649
623,649,650
625,651,652
626,652,653
627,653,654
628,654,655
629,655,656
630,656,657
631,657,658
632,658,659
633,659,660
634,660,661
635,661,662
636,662,663
637,663,664
638,664,665
639,665,666
640,666,667
641,667,668
642,668,669
643,669,670
644,670,671
645,671,672
646,672,673
647,673,674
648,674,675
649,675,676
1,28,2
2,29,3
3,30,4
4,31,5
5,32,6
6,33,7
7,34,8
8,35,9
9,36,10
10,37,11
11,38,12
12,39,13
13,40,14
14,41,15
15,42,16
16,43,17
17,44,18
18,45,19
19,46,20
20,47,21
21,48,22
22,49,23
23,50,24
24,51,25
25,52,26
27,54,28
28,55,29
29,56,30
30,57,31
31,58,32
32,59,33
33,60,34
34,61,35
35,62,36
36,63,37
37,64,38
38,65,39
39,66,40
40,67,41
41,68,42
42,69,43
43,70,44
44,71,45
45,72,46
46,73,47
47,74,48
48,75,49
49,76,50
50,77,51
51,78,52
53,80,54
54,81,55
55,82,56
56,83,57
57,84,58
58,85,59
59,86,60
60,87,61
61,88,62
62,89,63
63,90,64
64,91,65
65,92,66
66,93,67
67,94,68
68,95,69
69,96,70
70,97,71
71,98,72
72,99,73
73,100,74
74,101,75
75,102,76
76,103,77
77,104,78
79,106,80
80,107,81
81,108,82
82,109,83
83,110,84
84,111,85
85,112,86
86,113,87
87,114,88
88,115,89
89,116,90
90,117,91
91,118,92
92,119,93
93,120,94
94,121,95
95,122,96
96,123,97
97,124,98
98,125,99
99,126,100
100,127,101
101,128,102
102,129,103
103,130,104
105,132,106
106,133,107
107,134,108
108,135,109
109,136,110
110,137,111
111,138,112
112,139,113
113,140,114
114,141,115
115,142,116
116,143,117
117,144,118
118,145,119
119,146,120
120,147,121
121,148,122
122,149,123
123,150,124
124,151,125
125,152,126
126,153,127
127,154,128
128,155,129
129,156,130
131,158,132
132,159,133
133,160,134
134,161,135
135,162,136
136,163,137
137,164,138
138,165,139
139,166,140
140,167,141
141,168,142
142,169,143
143,170,144
144,171,145
145,172,146
146,173,147
147,174,148
148,175,149
149,176,150
150,177,151
151,178,152
152,179,153
153,180,154
154,181,155
155,182,156
157,184,158
158,185,159
159,186,160
160,187,161
161,188,162
162,189,163
163,190,164
164,191,165
165,192,166
166,193,167
167,194,168
168,195,169
169,196,170
170,197,171
171,198,172
172,199,173
173,200,174
174,201,175
175,202,176
176,203,177
177,204,178
178,205,179
179,206,180
180,207,181
181,208,182
183,210,184
184,211,185
185,212,186
186,213,187
187,214,188
188,215,189
189,216,190
190,217,191
191,218,192
192,219,193
193,220,194
194,221,195
195,222,196
196,223,197
197,224,198
198,225,199
199,226,200
200,227,201
201,228,202
202,229,203
203,230,204
204,231,205
205,232,206
206,233,207
207,234,208
209,236,210
210,237,211
211,238,212
212,239,213
213,240,214
214,241,215
215,242,216
216,243,217
217,244,218
218,245,219
219,246,220
220,247,221
221,248,222
222,249,223
223,250,224
224,251,225
225,252,226
226,253,227
227,254,228
228,255,229
229,256,230
230,257,231
231,258,232
232,259,233
233,260,234
235,262,236
236,263,237
237,264,238
238,265,239
239,266,240
240,267,241
241,268,242
242,269,243
243,270,244
244,271,245
245,272,246
246,273,247
247,274,248
248,275,249
249,276,250
250,277,251
251,278,252
252,279,253
253,280,254
254,281,255
255,282,256
256,283,257
257,284,258
258,285,259
259,286,260
261,288,262
262,289,263
263,290,264
264,291,265
265,292,266
266,293,267
267,294,268
268,295,269
269,296,270
270,297,271
271,298,272
272,299,273
273,300,274
274,301,275
275,302,276
276,303,277
277,304,278
278,305,279
279,306,280
280,307,281
281,308,282
282,309,283
283,310,284
284,311,285
285,312,286
287,314,288
288,315,289
289,316,290
290,317,291
291,318,292
292,319,293
293,320,294
294,321,295
295,322,296
296,323,297
297,324,298
298,325,299
299,326,300
300,327,301
301,328,302
302,329,303
303,330,304
304,331,305
305,332,306
306,333,307
307,334,308
308,335,309
309,336,310
310,337,311
311,338,312
313,340,314
314,341,315
315,342,316
316,343,317
317,344,318
318,345,319
319,346,320
320,347,321
321,348,322
322,349,323
323,350,324
324,351,325
325,352,326
326,353,327
327,354,328
328,355,329
329,356,330
330,357,331
331,358,332
332,359,333
333,360,334
334,361,335
335,362,336
336,363,337
337,364,338
339,366,340
340,367,341
341,368,342
342,369,343
343,370,344
344,371,345
345,372,346
346,373,347
347,374,348
348,375,349
349,376,350
350,377,351
351,378,352
352,379,353
353,380,354
354,381,355
355,382,356
356,383,357
357,384,358
358,385,359
359,386,360
360,387,361
361,388,362
362,389,363
363,390,364
365,392,366
366,393,367
367,394,368
368,395,369
369,396,370
370,397,371
371,398,372
372,399,373
373,400,374
374,401,375
375,402,376
376,403,377
377,404,378
378,405,379
379,406,380
380,407,381
381,408,382
382,409,383
383,410,384
384,411,385
385,412,386
386,413,387
387,414,388
388,415,389
389,416,390
391,418,392
392,419,393
393,420,394
394,421,395
395,422,396
396,423,397
397,424,398
398,425,399
399,426,400
400,427,401
401,428,402
402,429,403
403,430,404
404,431,405
405,432,406
406,433,407
407,434,408
408,435,409
409,436,410
410,437,411
411,438,412
412,439,413
413,440,414
414,441,415
415,442,416
417,444,418
418,445,419
419,446,420
420,447,421
421,448,422
422,449,423
423,450,424
424,451,425
425,452,426
426,453,427
427,454,428
428,455,429
429,456,430
430,457,431
431,458,432
432,459,433
433,460,434
434,461,435
435,462,436
436,463,437
437,464,438
438,465,439
439,466,440
440,467,441
441,468,442
443,470,444
444,471,445
445,472,446
446,473,447
447,474,448
448,475,449
449,476,450
450,477,451
451,478,452
452,479,453
453,480,454
454,481,455
455,482,456
456,483,457
457,484,458
458,485,459
459,486,460
460,487,461
461,488,462
462,489,463
463,490,464
464,491,465
465,492,466
466,493,467
467,494,468
469,496,470
470,497,471
471,498,472
472,499,473
473,500,474
474,501,475
475,502,476
476,503,477
477,504,478
478,505,479
479,506,480
480,507,481
481,508,482
482,509,483
483,510,484
484,511,485
485,512,486
486,513,487
487,514,488
488,515,489
489,516,490
490,517,491
491,518,492
492,519,493
493,520,494
495,522,496
496,523,497
497,524,498
498,525,499
499,526,500
500,527,501
501,528,502
502,529,503
503,530,504
504,531,505
505,532,506
506,533,507
507,534,508
508,535,509
509,536,510
510,537,511
511,538,512
512,539,513
513,540,514
514,541,515
515,542,516
516,543,517
517,544,518
518,545,519
519,546,520
521,548,522
522,549,523
523,550,524
524,551,525
525,552,526
526,553,527
527,554,528
528,555,529
529,556,530
530,557,531
531,558,532
532,559,533
533,560,534
534,561,535
535,562,536
536,563,537
537,564,538
538,565,539
539,566,540
540,567,541
541,568,542
542,569,543
543,570,544
544,571,545
545,572,546
547,574,548
548,575,549
549,576,550
550,577,551
551,578,552
552,579,553
553,580,554
554,581,555
555,582,556
556,583,557
557,584,558
558,585,559
559,586,560
560,587,561
561,588,562
562,589,563
563,590,564
564,591,565
565,592,566
566,593,567
567,594,568
568,595,569
569,596,570
570,597,571
571,598,572
573,600,574
574,601,575
575,602,576
576,603,577
577,604,578
578,605,579
579,606,580
580,607,581
581,608,582
582,609,583
583,610,584
584,611,585
585,612,586
586,613,587
587,614,588
588,615,589
589,616,590
590,617,591
591,618,592
592,619,593
593,620,594
594,621,595
595,622,596
596,623,597
597,624,598
599,626,600
600,627,601
601,628,602
602,629,603
603,630,604
604,631,605
605,632,606
606,633,607
607,634,608
608,635,609
609,636,610
610,637,611
611,638,612
612,639,613
613,640,614
614,641,615
615,642,616
616,643,617
617,644,618
618,645,619
619,646,620
620,647,621
621,648,622
622,649,623
623,650,624
625,652,626
626,653,627
627,654,628
628,655,629
629,656,630
630,657,631
631,658,632
632,659,633
633,660,634
634,661,635
635,662,636
636,663,637
637,664,638
638,665,639
639,666,640
640,667,641
641,668,642
642,669,643
643,670,644
644,671,645
645,672,646
646,673,647
647,674,648
648,675,649
649,676,650
