72.4594955444336,65.5079803466797,34.1256980895996
73.1800003051758,64.3509216308594,35.1543388366699
73.4848327636719,65.1223754882812,34.6997261047363
73.2186737060547,66.6101608276367,34.884822845459
71.9878540039062,66.2450408935547,34.7809829711914
71.3718490600586,66.0305938720703,35.668155670166
72.3609008789062,66.8988189697266,35.4016304016113
71.6678771972656,66.774658203125,36.2320671081543
71.9567413330078,64.901611328125,34.8550605773926
71.3269958496094,65.1922760009766,35.5388641357422
71.5733871459961,64.181266784668,36.7944755554199
72.6992340087891,64.2338333129883,35.2843399047852
74.1774368286133,65.7414016723633,35.6899566650391
73.9122848510742,66.4948654174805,35.6059226989746
73.9506072998047,64.4087982177734,36.7372589111328
74.497932434082,65.2838439941406,36.6071357727051
73.0621032714844,67.3719787597656,36.5914497375488
71.2335510253906,66.3597183227539,37.1161270141602
72.6193771362305,63.6307487487793,37.9011192321777
71.9395904541016,63.7272872924805,38.0979118347168
73.3051986694336,63.7743644714355,37.8982696533203
74.6996078491211,66.4803314208984,38.3326454162598
73.9246978759766,67.2234115600586,37.8897666931152
72.3322067260742,67.455451965332,37.9346160888672
71.1824340820312,66.885986328125,39.2943458557129
70.864128112793,65.4298400878906,38.0659255981445
71.0692596435547,64.5611877441406,38.0425148010254
74.7353210449219,65.0234603881836,38.2094650268555
73.3199996948242,67.5500030517578,38.4099998474121
75.1032562255859,65.9237823486328,39.8198471069336
74.7870407104492,66.9549789428711,39.3782539367676
74.0177001953125,67.6651229858398,39.8950119018555
72.0960464477539,67.5842514038086,40.120922088623
73.5134429931641,67.9546585083008,40.8088035583496
70.6765975952148,66.1563949584961,40.460636138916
70.6434173583984,65.246208190918,41.0560111999512
71.0061111450195,64.1943817138672,40.529411315918
72.0055618286133,63.3505477905273,40.8749580383301
74.0092849731445,63.4916763305664,41.1509475708008
77.8796157836914,68.8755340576172,39.2918586730957
79.1198654174805,68.0974884033203,40.0684204101562
79.2089233398438,68.8266983032227,39.1488265991211
78.5448684692383,70.1809997558594,39.1603775024414
77.4577713012695,69.9654769897461,39.6536827087402
76.9507675170898,68.9570388793945,40.7576904296875
70.9912338256836,67.0894622802734,41.1879043579102
74.7007598876953,64.1151428222656,40.6693801879883
74.9972610473633,67.670051574707,40.8278884887695
79.6106719970703,69.8245849609375,39.4136199951172
73.4786376953125,63.2055816650391,42.1510467529297
77.8614501953125,68.2438430786133,40.0915145874023
77.4651641845703,68.1500549316406,40.9303359985352
78.6280670166016,67.762451171875,40.9599838256836
71.5828018188477,67.9005584716797,42.7590827941895
76.6426086425781,70.1556243896484,41.2539482116699
80.0415878295898,68.6027450561523,40.8138008117676
78.1426467895508,70.8657302856445,40.9568367004395
74.9014739990234,64.0738677978516,42.2532653808594
74.7423706054688,68.4102783203125,41.3926048278809
75.349494934082,66.9697036743164,40.9147453308105
79.2391204833984,70.7074203491211,40.5062408447266
80.1395568847656,70.1885528564453,41.4152221679688
75.9767074584961,67.5767974853516,41.4270477294922
79.1376342773438,67.6085357666016,41.9460372924805
76.4155502319336,68.7342147827148,41.1042823791504
72.8393096923828,63.1066474914551,42.2965774536133
73.5784606933594,68.2804870605469,42.0956993103027
80.4730453491211,69.5491714477539,42.176700592041
75.341926574707,66.2566909790039,41.4923782348633
79.0907669067383,70.9604034423828,41.5533981323242
75.5851440429688,68.5231475830078,41.3789710998535
77.0482864379883,70.9774856567383,42.4608001708984
75.6487503051758,70.2463073730469,42.0376625061035
73.3124542236328,68.7134780883789,44.1119079589844
74.6660766601562,69.6534042358398,42.8503494262695
76.8683090209961,67.7382583618164,41.7599601745605
76.1269302368164,67.0481414794922,42.5904846191406
72.1229019165039,63.2647857666016,43.4130096435547
79.6442260742188,70.9422225952148,43.253002166748
70.8343124389648,64.5186767578125,43.8557739257812
74.9869995117188,71.4734115600586,44.2707672119141
77.0476379394531,67.420166015625,42.9272918701172
74.1183929443359,63.472484588623,43.5705032348633
80.490852355957,68.8019866943359,42.9771041870117
70.3483047485352,66.553825378418,43.4811172485352
75.9961624145508,71.26806640625,43.4182968139648
75.2481231689453,65.6901092529297,44.7984313964844
77.5531387329102,71.381591796875,44.7657508850098
73.6909942626953,69.5200729370117,45.3279304504395
70.8506011962891,67.6014785766602,45.5194435119629
80.214241027832,68.1004638671875,43.7178840637207
76.4558181762695,71.610710144043,44.6642951965332
76.4616775512695,66.9726333618164,45.349739074707
80.3935928344727,70.2471466064453,43.3936004638672
80.0783386230469,70.7031326293945,46.4214897155762
70.4335250854492,65.8746871948242,45.8067512512207
70.4422836303711,66.7975921630859,46.6118431091309
73.2760162353516,63.2468948364258,45.1668434143066
78.8432769775391,71.316764831543,45.3044090270996
73.2208709716797,69.1220169067383,45.670280456543
80.7013931274414,69.4010925292969,45.8528709411621
80.623161315918,68.8618850708008,45.4555206298828
80.5559539794922,70.0283889770508,46.055850982666
71.7010879516602,68.2864074707031,46.1187782287598
74.6598052978516,64.1928329467773,44.4145927429199
78.6537628173828,67.4192504882812,45.8116836547852
74.4157180786133,71.7577667236328,45.6652946472168
73.9021987915039,71.4625396728516,46.3220481872559
79.3766784667969,71.1971969604492,46.8453712463379
75.4755477905273,72.3335266113281,46.1596221923828
79.7300338745117,67.6902465820312,45.745002746582
72.111328125,63.5287322998047,45.4120559692383
74.5663146972656,64.1422500610352,46.9681358337402
77.5760803222656,71.6275634765625,46.8682632446289
80.2572631835938,68.2574844360352,46.4511070251465
74.8663711547852,64.6516723632812,48.8520164489746
70.9163970947266,64.7427215576172,45.790225982666
76.2457427978516,72.4161376953125,47.0786781311035
73.1105499267578,63.4793853759766,47.1662368774414
76.6077499389648,67.0000152587891,46.7403869628906
74.7709426879883,72.7039489746094,47.5650863647461
80.4886169433594,69.1601867675781,47.3124313354492
78.5109329223633,67.4299774169922,47.7420463562012
75.6469116210938,66.153923034668,48.9699096679688
73.0984497070312,69.9088439941406,47.8653221130371
71.1217651367188,64.524040222168,48.1507186889648
73.9696960449219,63.7103500366211,47.0622863769531
72.4783782958984,63.6333923339844,47.7248001098633
75.2397384643555,65.5643463134766,49.3067970275879
70.4029846191406,66.3266525268555,48.8987197875977
73.6721801757812,72.1300506591797,48.8008499145508
70.9242172241211,68.1178512573242,48.879322052002
75.453369140625,72.9758148193359,49.1873474121094
80.0776290893555,69.1473770141602,48.3595657348633
79.9849853515625,70.1012344360352,48.5672988891602
76.2633972167969,72.8199768066406,50.1788177490234
79.5085372924805,70.7776718139648,48.5324249267578
79.164176940918,68.1784591674805,49.1057624816895
78.0099487304688,71.4370880126953,49.5971221923828
76.434211730957,66.8937149047852,49.4251823425293
74.3468246459961,72.9358901977539,49.9506225585938
72.8767547607422,69.8005981445312,49.1044692993164
71.9770736694336,64.1977005004883,49.6121940612793
74.3784484863281,63.935905456543,48.8317718505859
70.4413833618164,67.0331726074219,49.8002891540527
72.2880935668945,69.583625793457,50.3966674804688
70.7227935791016,67.9753570556641,49.8517570495605
76.6798706054688,72.6464157104492,52.1112442016602
77.4976425170898,67.2545928955078,50.4913444519043
78.8503799438477,69.0638198852539,50.2197113037109
78.5721130371094,70.3125381469727,50.5281982421875
74.7874908447266,64.9623641967773,50.2733840942383
73.4067230224609,72.4244003295898,50.5056076049805
72.8769378662109,71.5462875366211,50.5745048522949
73.5358657836914,63.7850761413574,49.6232795715332
72.5288848876953,72.6865081787109,52.5114517211914
71.3702392578125,68.7469635009766,51.7647514343262
75.5567626953125,66.7848587036133,50.7642135620117
77.8952331542969,67.9301834106445,51.4052810668945
74.189094543457,73.0638885498047,50.9913139343262
70.9227600097656,66.1676025390625,51.4819831848145
71.6613235473633,69.6829376220703,52.3935775756836
74.3262329101562,65.1248550415039,51.5121154785156
72.4320526123047,64.9306716918945,51.8233947753906
72.088996887207,72.248291015625,52.9361419677734
71.6395263671875,70.8381423950195,53.1020202636719
73.994743347168,64.4478454589844,51.1930236816406
71.1239624023438,67.2708282470703,52.9934120178223
74.5050811767578,73.4552154541016,52.8377876281738
73.2741165161133,73.3160629272461,52.9995269775391
76.724609375,68.1036376953125,52.5754280090332
74.531379699707,66.7145080566406,52.1334571838379
78.003547668457,70.2537841796875,52.0192565917969
77.5305252075195,69.1131591796875,52.7135047912598
76.9249572753906,72.0221710205078,54.142448425293
77.0000610351562,71.1662445068359,54.393970489502
74.7667846679688,67.6684494018555,53.0995826721191
71.7287750244141,66.1668930053711,53.625316619873
76.1681900024414,73.2028961181641,54.4188385009766
75.8787078857422,68.8265762329102,54.4192657470703
73.6377563476562,65.3963928222656,52.4597511291504
76.7638854980469,69.8473434448242,54.5501899719238
74.2856903076172,73.9254531860352,54.8162994384766
72.4598541259766,73.2194442749023,54.5391044616699
73.0739669799805,65.7148513793945,53.4071884155273
71.5099639892578,67.9925689697266,54.1876831054688
73.5793380737305,67.203010559082,54.4586944580078
71.6292037963867,66.5312271118164,54.0547256469727
71.3195877075195,72.0129776000977,56.5932273864746
71.5820236206055,69.5840759277344,54.0977172851562
73.2851638793945,74.1894073486328,56.1964836120605
72.460807800293,66.4160308837891,54.3572692871094
75.3135375976562,74.3566207885742,57.1238822937012
71.981575012207,73.3088989257812,56.499885559082
72.4483337402344,67.4033279418945,55.1084938049316
71.6269302368164,69.3228530883789,55.7370300292969
76.6682052612305,73.1919708251953,55.9042015075684
74.5679702758789,68.6722564697266,56.8400230407715
76.9854278564453,72.2342376708984,56.8908271789551
71.8753356933594,68.529182434082,55.6279678344727
71.2212371826172,70.3039398193359,57.7028045654297
73.7693710327148,74.6013717651367,56.9879112243652
73.4623413085938,68.0410461425781,56.1914176940918
74.0596313476562,68.6549606323242,57.7418594360352
73.7623901367188,75.0046997070312,57.9366836547852
76.3195266723633,70.3433837890625,57.3960571289062
72.5553283691406,68.1824798583984,56.2607231140137
76.3583679199219,73.8590316772461,57.7971801757812
76.9250793457031,73.0210723876953,57.7691879272461
71.7011184692383,69.4686584472656,57.7448348999023
70.8512649536133,71.190544128418,58.6268081665039
71.6421966552734,74.0401306152344,57.8961715698242
70.8259506225586,72.2749633789062,58.6849021911621
72.6251220703125,75.2345581054688,58.3197631835938
72.4990692138672,68.9428787231445,57.9833602905273
76.9794616699219,71.9814682006836,59.31884765625
74.2212982177734,75.4429626464844,58.5402221679688
73.4231109619141,68.8406448364258,58.6857681274414
75.7907180786133,75.095085144043,59.6192207336426
71.5912704467773,75.6528549194336,59.1452941894531
70.7487640380859,74.1257934570312,59.3951148986816
73.1123962402344,77.4526748657227,59.3758811950684
75.323844909668,69.3408432006836,59.3209114074707
76.8539047241211,73.4081420898438,59.2048034667969
74.4801635742188,75.8059692382812,59.010196685791
76.7976913452148,71.2962875366211,60.4864768981934
75.2188110351562,76.2678375244141,59.4866981506348
71.9382629394531,77.1388702392578,59.4980201721191
74.4681777954102,77.356330871582,59.1963844299316
70.3817596435547,73.7854843139648,60.0800666809082
69.9242095947266,72.843505859375,61.1750679016113
76.0728454589844,76.0011215209961,60.4124984741211
75.6869506835938,77.9954605102539,59.3285980224609
73.9499588012695,68.9825820922852,60.263729095459
76.2842407226562,77.4862213134766,60.254093170166
72.2119216918945,69.3378067016602,60.0218620300293
71.0103607177734,70.4182052612305,60.397045135498
73.1126480102539,78.2650985717773,59.8551216125488
70.9335784912109,76.710205078125,60.5932083129883
74.4785003662109,78.9579086303711,59.4869499206543
76.2253036499023,78.3246002197266,60.2732276916504
75.5821533203125,79.1622619628906,60.2265319824219
72.7401351928711,69.1748352050781,61.7294731140137
75.9068756103516,70.255989074707,61.0128898620605
70.1316070556641,71.8686752319336,61.1327438354492
77.0994415283203,73.036735534668,61.0622215270996
71.6749877929688,77.9218215942383,60.8375816345215
73.0222015380859,78.94482421875,62.1360664367676
76.4712753295898,79.2239379882812,61.9304466247559
76.6510467529297,75.0115356445312,62.1931190490723
74.2624588012695,69.2730255126953,61.7110900878906
74.5371780395508,79.959831237793,62.0797958374023
77.1318206787109,72.1630325317383,61.9709892272949
76.7749710083008,78.3789215087891,62.3006210327148
70.2085266113281,76.932746887207,63.0814971923828
71.4367828369141,69.7451782226562,62.7797966003418
70.6393737792969,70.6423263549805,61.8487586975098
69.7355041503906,73.9066162109375,61.8890647888184
69.7742309570312,71.8431701660156,61.7530174255371
68.8584671020508,72.7060928344727,62.7386016845703
71.3232421875,77.9117050170898,62.1644859313965
75.6694946289062,80.1003723144531,62.2153358459473
76.9631195068359,75.3682327270508,63.4492988586426
77.2777557373047,73.0433883666992,62.8734893798828
73.5900115966797,69.0689468383789,62.8625564575195
76.2804336547852,70.730712890625,63.303092956543
69.8262481689453,70.9838409423828,62.8889999389648
72.240348815918,69.1265563964844,63.6033630371094
76.8852081298828,79.4796981811523,63.8210906982422
76.1585693359375,80.4251098632812,64.1072235107422
72.8693542480469,79.4070892333984,63.3359642028809
70.9630126953125,78.7659912109375,64.4481964111328
68.8282928466797,71.7738189697266,63.6752510070801
76.9434051513672,71.5752182006836,64.3053359985352
74.800163269043,80.8473663330078,63.7209625244141
73.4930419921875,80.3810043334961,63.9477005004883
73.859619140625,81.2757949829102,64.3525161743164
77.454948425293,73.9636077880859,64.7103881835938
77.589225769043,78.3290328979492,65.2503967285156
69.0594482421875,75.710807800293,64.0528182983398
72.5913619995117,68.760124206543,65.0861282348633
69.4297866821289,77.3656387329102,65.9598846435547
74.9019165039062,82.297004699707,65.3401107788086
71.2995376586914,79.8733444213867,65.0756683349609
77.78955078125,75.1561279296875,65.4092788696289
75.6196441650391,69.9654159545898,65.3314743041992
71.4302825927734,69.1126098632812,65.830436706543
69.3989334106445,70.4259719848633,65.8476333618164
67.889762878418,74.168830871582,64.9407119750977
68.111572265625,72.8719253540039,64.4462661743164
73.4564056396484,68.885124206543,66.6321258544922
77.2808303833008,79.9754943847656,65.5729751586914
72.3347930908203,82.4701080322266,65.6010208129883
67.9457931518555,75.9380874633789,66.4083709716797
68.2160797119141,71.9050827026367,65.8102264404297
71.1558151245117,82.2003784179688,65.9123687744141
78.1144332885742,79.9273681640625,66.6777648925781
77.1243362426758,71.4553833007812,66.0725631713867
75.8489074707031,82.0772476196289,65.783088684082
77.4560089111328,72.0967254638672,67.9286651611328
77.585807800293,73.4602813720703,66.9283752441406
71.2448806762695,69.0136108398438,67.7765350341797
69.7610015869141,78.3443450927734,66.2916030883789
76.5073852539062,82.5521087646484,67.0144882202148
70.3344955444336,80.6176223754883,66.4311828613281
67.3131942749023,75.4183349609375,67.3090972900391
78.0085144042969,77.3793029785156,67.1007232666016
75.1611862182617,69.2564239501953,68.5851287841797
71.2427062988281,83.4158630371094,66.7787628173828
73.0396423339844,83.69140625,67.4022750854492
78.2738418579102,78.7263793945312,67.2719421386719
76.1963043212891,70.1012268066406,67.9265365600586
71.9968566894531,68.8050689697266,68.3166351318359
78.1025085449219,75.3938369750977,67.8474884033203
71.2482452392578,83.8952713012695,67.489372253418
69.6694183349609,80.5709228515625,67.5371932983398
68.7903289794922,70.3576126098633,69.020149230957
70.0249099731445,83.1577072143555,67.049186706543
69.6793594360352,82.8697204589844,67.280517578125
74.8252792358398,83.6625747680664,67.5497741699219
68.6526031494141,77.5496368408203,67.9157028198242
75.7377853393555,83.098876953125,67.0893783569336
68.9986724853516,84.245849609375,67.4679489135742
68.655143737793,83.5839767456055,68.1024703979492
77.1662750244141,71.1328582763672,70.0919799804688
67.1539916992188,74.3201904296875,67.2515335083008
67.1677703857422,73.4259338378906,68.1001510620117
78.1530609130859,81.0695877075195,67.4317169189453
67.1611404418945,76.4207763671875,68.2826995849609
69.4954071044922,69.5154418945312,70.195198059082
78.2557220458984,77.8678970336914,68.5233383178711
68.6689453125,78.7381362915039,68.8666458129883
70.92626953125,84.3955459594727,68.6382904052734
77.840576171875,73.0716323852539,68.7584838867188
69.1742935180664,81.6948699951172,68.8615570068359
78.1513290405273,76.0905914306641,69.1182327270508
78.7119674682617,80.4403076171875,68.0927200317383
76.9868011474609,84.3396530151367,69.1490097045898
75.3917083740234,84.2450942993164,68.6768646240234
68.5942916870117,82.3356323242188,70.3076934814453
78.9581756591797,79.8672637939453,69.8422927856445
67.904052734375,78.2957077026367,69.6012878417969
73.6027374267578,68.8215408325195,69.7884979248047
68.8336791992188,84.8851928710938,68.1794052124023
67.8218231201172,84.0789642333984,69.8070068359375
72.3768844604492,84.2712860107422,69.0208435058594
78.1076965332031,76.9873809814453,72.0135879516602
66.3330917358398,75.5121307373047,68.7163696289062
66.2644500732422,74.0791549682617,69.0658950805664
77.692024230957,71.8931427001953,71.1717224121094
66.7175521850586,77.5713195800781,69.643196105957
65.6060028076172,76.9253158569336,69.6699447631836
75.9511489868164,69.8573303222656,70.2220230102539
67.3616104125977,71.5809173583984,70.7816467285156
78.3602981567383,82.578483581543,69.1087875366211
70.5995559692383,68.8642120361328,70.7341918945312
78.4113464355469,84.1519088745117,70.7786178588867
77.7845153808594,74.4422760009766,70.9334182739258
78.833381652832,79.2766494750977,71.5353775024414
79.0865936279297,81.0405120849609,69.7835540771484
72.3079833984375,68.3937454223633,71.1750564575195
76.4000396728516,85.1167831420898,69.9584503173828
79.1574172973633,82.3139190673828,69.928581237793
68.1124267578125,84.942741394043,70.2025604248047
68.5773239135742,80.7710647583008,70.8661651611328
74.8927001953125,69.2080459594727,70.2651748657227
69.4495315551758,85.086311340332,69.9498138427734
71.9720993041992,84.7413711547852,70.7420349121094
69.5540084838867,69.2425155639648,71.715087890625
65.0704193115234,75.7619018554688,69.6315078735352
74.0797348022461,85.7457809448242,71.9020233154297
68.0301361083984,79.3778839111328,71.3316650390625
67.2823104858398,84.0716781616211,71.7747116088867
68.3697128295898,81.4764633178711,71.9892349243164
70.5578994750977,85.0365219116211,72.2757568359375
65.4638442993164,77.7717590332031,70.9546279907227
77.916389465332,72.8696441650391,71.4777908325195
79.9403762817383,83.2169876098633,71.0812301635742
74.1318664550781,68.6769332885742,72.1994400024414
67.0578155517578,78.2978210449219,70.8146591186523
74.8271026611328,86.3373031616211,73.2293930053711
79.7446899414062,81.2475051879883,71.5327301025391
65.6142120361328,73.0529708862305,71.0327301025391
68.3511734008789,70.0857086181641,71.8580322265625
67.7569808959961,83.1285400390625,71.7417297363281
75.2241668701172,68.9225006103516,73.8298721313477
77.1472549438477,85.4429244995117,71.1043701171875
64.347541809082,74.9734497070312,70.7236099243164
77.2719345092773,71.0221939086914,71.5206680297852
76.6947937011719,69.7969512939453,73.3202362060547
77.9409790039062,75.2137756347656,72.7838134765625
79.8502349853516,84.0383224487305,71.6102752685547
67.2505569458008,84.5737075805664,72.2039031982422
64.240104675293,76.221794128418,70.6287841796875
68.3772811889648,85.4035186767578,71.8730316162109
63.8385963439941,75.2395858764648,71.253044128418
78.1927108764648,73.1518859863281,72.8247451782227
64.4796981811523,77.1368026733398,71.4101181030273
80.695915222168,82.5646514892578,71.9573516845703
72.5131454467773,68.2629547119141,72.7066879272461
80.2481842041016,83.4767684936523,71.5336151123047
78.4460296630859,84.8711318969727,71.9714736938477
67.0766983032227,71.3922882080078,72.9153671264648
78.5291366577148,78.660530090332,73.8904724121094
67.8770751953125,82.0477752685547,74.1902313232422
79.4669952392578,80.3978500366211,73.0124435424805
67.4354934692383,79.4032745361328,73.1628875732422
78.0625,74.1943435668945,73.3073043823242
71.9805221557617,85.3252410888672,73.3432083129883
76.8587265014648,85.9231262207031,72.5062408447266
79.7080383300781,84.7366027832031,73.0636901855469
66.1030349731445,78.6190490722656,72.9920959472656
81.1648635864258,82.8737869262695,73.2929458618164
80.6470260620117,84.1321716308594,73.1569366455078
67.9653091430664,80.4216842651367,74.0163040161133
78.0308227539062,70.9066009521484,74.4587936401367
78.1810531616211,71.4314651489258,73.80615234375
78.6028518676758,72.1622467041016,74.2675628662109
77.8700408935547,76.0165023803711,75.2118453979492
71.0590133666992,68.6338882446289,73.5665817260742
63.953857421875,74.432487487793,72.3143157958984
77.8752059936523,85.3904342651367,73.526969909668
64.9043960571289,73.5516891479492,72.5855560302734
80.8267517089844,81.6856307983398,74.2811126708984
67.2735137939453,83.3535232543945,73.6279144287109
73.05615234375,67.9938278198242,73.9396133422852
67.4527587890625,85.1277008056641,73.7185745239258
63.6864471435547,76.7853698730469,71.9414749145508
62.8062744140625,75.770866394043,73.29345703125
81.5434646606445,83.5390548706055,74.0626602172852
76.5491256713867,86.1875915527344,74.0431594848633
78.8314971923828,79.7363357543945,75.4831161499023
68.1193161010742,85.5892791748047,74.7779693603516
63.3587265014648,75.0122451782227,72.4278793334961
67.9089584350586,81.332878112793,75.099006652832
69.5827484130859,85.8082656860352,74.6586761474609
72.7561874389648,86.2300415039062,75.5608444213867
67.171272277832,84.5870895385742,74.0582580566406
78.7462463378906,73.0020751953125,75.1021118164062
79.7429962158203,84.7400894165039,75.2959289550781
72.3996963500977,67.7401962280273,75.4920043945312
64.9216156005859,78.0550842285156,75.7059783935547
71.6156539916992,85.7763290405273,74.7789688110352
77.666259765625,70.2748336791992,75.5289688110352
77.9018249511719,77.1593322753906,75.8623352050781
68.5234680175781,70.1215667724609,73.9266204833984
81.4787368774414,83.0155258178711,74.9958953857422
67.681526184082,81.7565612792969,76.9745483398438
78.003303527832,78.1792984008789,76.282470703125
80.8554382324219,84.4583435058594,74.2953033447266
78.4065399169922,74.1246032714844,76.2724609375
63.1985054016113,76.9275741577148,73.6786575317383
67.1053695678711,83.8999176025391,74.9000015258789
75.285285949707,86.7459106445312,76.8652191162109
67.3214340209961,79.5843505859375,75.1129531860352
77.9765548706055,75.571403503418,76.2571029663086
76.1561660766602,69.2132568359375,75.2503433227539
69.7125625610352,86.1302642822266,75.93017578125
70.3234024047852,69.4034957885742,75.3471298217773
63.1690063476562,74.7177429199219,74.3278579711914
64.7025680541992,73.6726913452148,75.050048828125
82.46826171875,83.7634658813477,74.9278182983398
82.5973815917969,84.5090560913086,74.5193786621094
63.6468849182129,77.3732452392578,75.1119918823242
79.9779968261719,80.9338912963867,77.7199478149414
66.7193984985352,71.8910522460938,75.1736679077148
73.7025451660156,67.8017578125,75.9690322875977
66.4104461669922,79.1407470703125,77.3880615234375
79.3690795898438,71.72265625,75.4905853271484
81.3707733154297,83.5735702514648,76.5778579711914
82.2864151000977,84.2677536010742,75.7511672973633
80.5473937988281,81.7639923095703,77.8752746582031
67.7443313598633,80.2909622192383,76.0368118286133
81.350227355957,84.6788940429688,75.5889205932617
67.275993347168,84.7985382080078,75.7323684692383
70.6944961547852,86.8754119873047,77.0570602416992
79.6150436401367,72.4696731567383,76.2809982299805
71.932991027832,68.0370330810547,76.1169967651367
62.6879577636719,75.4079055786133,74.6819076538086
62.8209037780762,76.5202331542969,74.7491989135742
76.4725723266602,86.402961730957,76.7035369873047
68.3340606689453,85.6084442138672,77.8970794677734
67.2204742431641,79.6555099487305,78.0803146362305
68.2489166259766,70.7615356445312,76.0021209716797
79.4937210083008,71.1826248168945,76.3241958618164
79.7313232421875,71.5731887817383,76.4130630493164
77.568359375,69.8635330200195,78.5125198364258
63.4624710083008,74.3119812011719,76.2068786621094
62.7254257202148,74.8271942138672,75.6617584228516
69.1198043823242,70.8093795776367,78.0864028930664
78.1716690063477,79.3546600341797,78.2885055541992
81.3058090209961,84.4353103637695,76.3750915527344
79.7831039428711,72.5021438598633,77.9462738037109
79.468391418457,84.7283630371094,78.680793762207
77.8202438354492,74.9645614624023,77.7285842895508
72.1411819458008,86.5717391967773,76.6366195678711
77.4856262207031,77.2242584228516,77.9583587646484
73.532585144043,86.5829620361328,78.3687973022461
78.124870300293,74.1186447143555,78.1615295410156
78.3590774536133,85.1862640380859,77.9839324951172
67.6545333862305,82.3007965087891,78.2443389892578
80.7750549316406,84.4306335449219,77.7241821289062
67.4634704589844,83.9940872192383,77.9305572509766
66.6452331542969,72.5044631958008,77.7042694091797
67.8877563476562,84.8298492431641,78.4855117797852
71.5470352172852,68.7116470336914,78.2672348022461
76.2935791015625,86.8398742675781,78.7665634155273
71.6152877807617,87.6038360595703,78.9970245361328
66.9280319213867,79.4837646484375,78.7552947998047
69.2146682739258,86.1233596801758,78.0925598144531
73.0747222900391,67.8157653808594,77.4722366333008
74.9443359375,68.7327728271484,77.8373565673828
62.5354881286621,76.6564102172852,76.3691024780273
62.0898780822754,75.6990432739258,77.4110717773438
79.3434448242188,71.0346450805664,77.5079803466797
67.9096527099609,80.8090972900391,78.9988327026367
77.2924728393555,78.0064697265625,78.6444244384766
77.2531433105469,75.0479507446289,78.9329147338867
76.9234008789062,86.4951858520508,78.4198532104492
79.6679382324219,71.7007827758789,78.9715957641602
64.6479797363281,73.8722763061523,77.6517715454102
81.0223617553711,83.6178131103516,78.5546340942383
62.3780555725098,74.8159942626953,77.942008972168
63.555118560791,77.7993927001953,77.8720474243164
72.174430847168,68.2799072265625,78.8406677246094
70.5864639282227,87.5477294921875,78.556510925293
70.543830871582,69.8755493164062,79.0055236816406
74.0713348388672,68.245735168457,78.8778839111328
80.8190994262695,84.4379577636719,79.760627746582
77.3902816772461,86.459342956543,80.8315124511719
79.452392578125,72.799072265625,79.4368133544922
68.5051040649414,81.8963394165039,80.3306579589844
76.3440856933594,77.4261779785156,79.8296585083008
71.1216278076172,88.1067581176758,79.9450607299805
68.3255767822266,83.6247787475586,79.8685150146484
77.1021194458008,69.4545974731445,80.1759643554688
63.1203804016113,74.5860137939453,79.577392578125
77.8267669677734,79.3285903930664,79.9529418945312
65.7712554931641,79.0151062011719,79.4995193481445
67.9327011108398,80.3855056762695,79.8434524536133
75.0270614624023,87.0444107055664,80.3276977539062
80.9959182739258,83.591064453125,80.5976333618164
62.0253105163574,76.6042709350586,77.8692321777344
76.0092010498047,78.3761825561523,81.0476531982422
77.06689453125,74.0836410522461,80.6126174926758
65.0429306030273,73.9944839477539,79.022346496582
70.425163269043,88.2412261962891,80.7812423706055
80.2685317993164,81.3205795288086,80.9961471557617
78.6316757202148,70.7850799560547,80.4866714477539
73.725227355957,87.4601364135742,80.7608871459961
69.0836639404297,85.2206726074219,80.0105895996094
69.6960678100586,86.7254257202148,79.2421646118164
78.7448577880859,85.3644485473633,80.8061676025391
79.1109313964844,80.2417755126953,81.5358963012695
67.0293350219727,79.2398376464844,80.794921875
60.9382362365723,75.8598098754883,79.3273239135742
63.9316062927246,78.0589370727539,78.9665145874023
75.8794784545898,86.9058074951172,81.7039794921875
73.3798980712891,68.1150131225586,79.6810684204102
67.0937423706055,73.2185134887695,79.9036102294922
68.2653427124023,72.154426574707,80.1655120849609
69.2359161376953,71.4237289428711,81.7609558105469
80.9604034423828,84.5623092651367,81.0349044799805
61.5961570739746,77.0428619384766,79.3931427001953
78.2007827758789,79.949951171875,82.4535903930664
76.5321884155273,79.3552093505859,82.1930847167969
78.6046981811523,72.8342132568359,81.1085052490234
70.047004699707,87.8670654296875,81.5437850952148
64.9978942871094,78.2684478759766,80.3551483154297
71.9973678588867,68.6190490722656,80.5703506469727
71.2497024536133,69.1842041015625,80.8036270141602
78.6125793457031,71.5088500976562,81.6127166748047
74.7682952880859,77.4104995727539,82.2736129760742
72.0635604858398,88.587760925293,80.5445938110352
71.2205123901367,89.2504119873047,81.085075378418
61.825626373291,74.7373580932617,79.5622482299805
80.4202499389648,82.2080535888672,82.1220703125
69.0932540893555,82.9777297973633,81.3574752807617
74.5294036865234,68.176399230957,80.9120254516602
64.5137329101562,74.8066787719727,80.1782608032227
75.1919631958008,76.6139755249023,81.4441146850586
69.6706924438477,86.4965438842773,80.9830703735352
63.9915084838867,78.0682525634766,80.105339050293
68.3087463378906,80.3283386230469,81.8270721435547
75.6254959106445,74.9496688842773,81.4688186645508
79.0942230224609,80.5600433349609,82.5618438720703
66.5307846069336,78.3082656860352,81.2100296020508
66.0828247070312,74.2283554077148,80.0790405273438
67.2392272949219,73.8147659301758,80.8432998657227
77.9028549194336,86.1938552856445,82.3942947387695
69.4486312866211,85.3968200683594,81.4445571899414
73.5669555664062,88.0724945068359,81.8285064697266
72.3793106079102,89.8068161010742,81.4264221191406
60.268310546875,74.1396102905273,81.8413619995117
59.8682289123535,75.3472595214844,80.2029113769531
64.8874435424805,77.5173263549805,80.8713531494141
59.7288284301758,76.3609085083008,80.4183578491211
74.3977661132812,87.518310546875,83.2137069702148
70.7280502319336,89.7883529663086,82.1141586303711
66.2930908203125,75.7328948974609,80.7610168457031
67.8456878662109,75.2616882324219,81.4898986816406
71.5375900268555,90.3680801391602,82.0994415283203
67.7782821655273,73.8522491455078,81.7432098388672
68.2548446655273,79.2534408569336,82.0334701538086
65.5555725097656,75.2503814697266,80.5096893310547
62.0407485961914,74.5360107421875,81.2450942993164
63.6566619873047,75.0615615844727,80.9539260864258
81.5112838745117,84.4406280517578,82.534309387207
81.3087310791016,85.1817932128906,82.9187240600586
60.8443183898926,77.229866027832,80.2720336914062
62.7295227050781,77.900764465332,80.6551055908203
63.8260688781738,75.9957580566406,81.5833053588867
65.5894088745117,76.5353317260742,80.9666976928711
63.2568740844727,75.3748931884766,81.8669586181641
74.856689453125,74.7472686767578,82.9807205200195
69.5866088867188,86.500373840332,83.511360168457
75.9612884521484,68.3627166748047,81.4779739379883
63.862190246582,77.1928634643555,81.5957489013672
74.309455871582,75.8776702880859,82.5185470581055
63.137378692627,77.8254013061523,81.4629669189453
74.0724258422852,67.9934005737305,81.5882720947266
77.5285720825195,69.3106231689453,81.9504318237305
77.7667617797852,72.8993148803711,82.9320983886719
61.3314552307129,78.1329345703125,82.2979583740234
59.6327514648438,76.999885559082,81.5826797485352
69.5517425537109,83.8645553588867,84.8505401611328
79.1908264160156,86.242561340332,83.3416213989258
81.448616027832,84.2477645874023,83.3614654541016
80.7926940917969,86.4854736328125,84.5413436889648
68.1784057617188,77.2535018920898,82.2809066772461
78.3481674194336,81.1676940917969,84.212532043457
74.9776153564453,86.6747970581055,84.2561264038086
69.9373016357422,88.7418975830078,83.6383514404297
58.8895645141602,74.7091369628906,81.8949203491211
74.5800552368164,78.9470291137695,83.7068862915039
76.0880813598633,86.0841674804688,84.2922592163086
80.6525802612305,82.8869934082031,83.6754455566406
72.8425979614258,68.1884002685547,82.2131271362305
72.2848358154297,68.6259841918945,82.1892471313477
73.009635925293,77.3443069458008,84.0124816894531
72.8393783569336,90.2513656616211,82.9307861328125
78.0098648071289,69.7279052734375,83.3112945556641
68.8632125854492,80.2076110839844,82.8427352905273
69.3210906982422,81.8306655883789,83.4550857543945
61.8957023620605,78.2857894897461,82.8587112426758
62.6283950805664,77.9543609619141,82.9201278686523
63.2410888671875,76.8928375244141,82.5571823120117
71.4928512573242,91.0072326660156,83.6108245849609
70.6053161621094,90.5645523071289,84.3275146484375
69.454963684082,78.9953689575195,83.4971771240234
58.5318756103516,75.8347473144531,82.2316436767578
68.4707794189453,72.9480361938477,83.6633224487305
73.1112976074219,89.9564437866211,83.5247039794922
73.5535354614258,75.0794219970703,83.6551666259766
60.8499031066895,73.9899139404297,82.5097274780273
75.1472320556641,80.0471649169922,84.1174926757812
77.6486587524414,68.4199295043945,83.3632659912109
58.2611045837402,76.5145263671875,83.5023956298828
72.6398773193359,76.2680740356445,83.779541015625
76.8093719482422,80.7087173461914,84.3422393798828
68.9460220336914,76.0683670043945,83.4737243652344
79.6676330566406,82.1471939086914,84.6645355224609
73.7506484985352,67.5647735595703,83.0443801879883
61.2450637817383,78.338005065918,83.9601135253906
70.1753005981445,70.8268737792969,83.2147369384766
57.3269577026367,74.9941024780273,82.5464630126953
59.612548828125,73.1947174072266,82.6618270874023
77.812255859375,86.2397003173828,85.0816879272461
72.2397155761719,77.4782333374023,84.2985382080078
72.0114288330078,75.4535827636719,84.1319580078125
75.8509674072266,67.2520446777344,83.1228103637695
76.9783630371094,67.6352996826172,83.3950729370117
75.440071105957,80.7115631103516,84.5287094116211
69.9585571289062,80.2900772094727,84.1382827758789
74.8383026123047,74.0988693237305,84.2498016357422
68.2776947021484,74.1362991333008,83.3450088500977
62.0316047668457,74.7257080078125,84.2608337402344
71.9761276245117,91.8952560424805,84.7282562255859
69.9236068725586,82.1406555175781,84.7155609130859
72.975227355957,79.2385177612305,84.6023941040039
56.544246673584,75.4752426147461,83.7146377563477
62.7604141235352,76.1743316650391,83.8347473144531
69.5937805175781,77.5674896240234,84.1647186279297
57.5568237304688,72.6849670410156,83.3645095825195
57.6370506286621,73.9252090454102,82.4921722412109
56.5098419189453,73.6821136474609,83.1363830566406
59.0552406311035,72.2170257568359,83.2447662353516
69.9870758056641,85.4802703857422,85.3169708251953
69.8731918334961,87.0727920532227,85.3130187988281
74.5021438598633,85.5536880493164,85.4250183105469
70.6442184448242,79.0574264526367,84.1972198486328
74.011604309082,87.7991638183594,84.4699096679688
79.8518371582031,86.8616561889648,85.1968994140625
77.3251419067383,71.3170013427734,84.4432830810547
81.0378265380859,82.8928985595703,85.4110565185547
60.3918342590332,73.6768798828125,84.1011962890625
82.0944747924805,85.5679702758789,85.1697540283203
72.7280197143555,91.7159576416016,85.2691421508789
71.3642196655273,74.4233245849609,84.9275512695312
62.4768981933594,75.6380920410156,84.8559188842773
72.8794097900391,81.3129348754883,85.3288345336914
61.6056137084961,78.2702331542969,85.0539779663086
73.7945022583008,86.918571472168,85.3194351196289
62.4294013977051,77.6865005493164,84.314582824707
73.201171875,90.6518020629883,85.2470932006836
70.4290542602539,91.8861083984375,86.4598236083984
70.0926361083984,90.6010437011719,86.4164123535156
70.7139053344727,77.2592163085938,84.8320617675781
76.4553680419922,85.6378402709961,85.5202407836914
77.8058929443359,70.3911285400391,84.4212799072266
59.8046417236328,77.3954925537109,84.9206237792969
75.5328216552734,81.5093460083008,85.7734527587891
71.0793838500977,75.9622116088867,84.3110961914062
71.0443801879883,92.3381881713867,85.9934158325195
68.7785110473633,73.2655029296875,84.6447219848633
75.8908920288086,72.5403137207031,84.9136123657227
76.9395523071289,81.4804840087891,86.0112152099609
71.7085418701172,78.6689529418945,84.4340133666992
69.6953201293945,75.6536560058594,84.2229766845703
55.9257583618164,74.2868881225586,84.4559860229492
82.5444717407227,84.7046203613281,85.8381958007812
70.2328109741211,76.6383438110352,84.5153198242188
70.2862319946289,75.7086181640625,84.4096450805664
72.5966415405273,68.2007217407227,83.4581298828125
71.6415176391602,69.6807861328125,83.4215774536133
70.0824584960938,72.0687713623047,84.6725921630859
71.9388580322266,80.8321762084961,85.175407409668
56.5226135253906,72.8135833740234,84.3606948852539
57.7224464416504,72.1251602172852,85.2135391235352
79.2835845947266,86.9125061035156,86.1508178710938
74.1096420288086,73.3166885375977,85.5880432128906
73.9371719360352,66.4860992431641,84.6884918212891
69.6915130615234,88.9785537719727,86.347282409668
73.4886932373047,89.2373275756836,85.9194564819336
75.7466659545898,67.0057144165039,84.2904357910156
77.3447113037109,67.6827392578125,85.16943359375
78.1980819702148,69.2263336181641,85.3591995239258
59.9953727722168,73.4002227783203,85.5683670043945
73.2797393798828,82.1509094238281,86.0816421508789
70.6227340698242,83.099723815918,85.7092819213867
68.9812698364258,73.9817352294922,84.9946060180664
78.2345581054688,82.0792236328125,86.6783065795898
71.3901138305664,70.9666748046875,84.5356903076172
56.9160690307617,76.6787338256836,86.0782623291016
70.1978454589844,74.0450897216797,85.3273849487305
72.9122848510742,66.995979309082,84.8269271850586
62.0391654968262,76.0756225585938,86.5111694335938
70.4219741821289,85.1374740600586,85.8216552734375
80.2258453369141,82.36962890625,86.4336547851562
72.1309585571289,83.1151351928711,86.1774139404297
77.1042098999023,85.7006225585938,86.4321365356445
58.7053337097168,72.2538986206055,85.1881637573242
76.1641311645508,66.9622573852539,85.4750823974609
81.0563354492188,86.9915924072266,86.0904998779297
70.2892227172852,86.9745483398438,86.4401245117188
71.772216796875,70.0322570800781,84.7570190429688
71.8587341308594,92.5937728881836,86.359733581543
73.2261657714844,91.4330139160156,86.7060317993164
72.2479476928711,68.4579544067383,85.4742584228516
74.5498580932617,84.5396499633789,86.1032333374023
75.3200302124023,84.2589874267578,87.0680847167969
56.596076965332,72.2748641967773,86.9430236816406
55.9521713256836,75.5147552490234,86.21484375
73.1318511962891,87.7787475585938,86.4326019287109
61.7509956359863,74.9579238891602,86.0355606079102
55.8932304382324,73.4177932739258,85.6135787963867
71.4410018920898,73.2038879394531,85.5289916992188
61.9035491943359,76.9105682373047,86.1785202026367
74.7667846679688,66.2120361328125,85.4138488769531
70.04541015625,73.1825332641602,85.3888549804688
77.8248748779297,86.1401596069336,86.8526840209961
70.4354095458984,92.3350296020508,87.5619277954102
83.8986511230469,85.3417587280273,87.9316482543945
61.1115570068359,77.5063323974609,85.797737121582
72.6140441894531,92.4700698852539,87.2019500732422
71.9528503417969,85.0174407958984,86.0895080566406
70.9660263061523,86.6057586669922,86.6992645263672
83.1313247680664,86.668342590332,87.7328948974609
73.0753173828125,83.9154205322266,86.5850524902344
72.3993301391602,86.144287109375,86.2627334594727
73.6092758178711,65.5830764770508,86.2126007080078
72.8016891479492,66.0057983398438,86.2768249511719
60.1599044799805,74.0219039916992,87.6339340209961
77.8002471923828,70.0005493164062,86.8324356079102
80.8591918945312,87.4323806762695,88.3482666015625
69.8324661254883,88.6398849487305,87.6316528320312
76.7175521850586,82.3146896362305,87.8785400390625
71.6978073120117,86.8983688354492,86.9258804321289
71.2055282592773,72.4252624511719,85.3732376098633
72.0910720825195,71.6999053955078,85.7454681396484
71.2631683349609,92.7901763916016,87.4297256469727
81.6810760498047,82.8303146362305,87.6128234863281
73.2366714477539,90.2214050292969,87.5132293701172
83.5280609130859,83.9694137573242,87.949836730957
58.8287696838379,77.2731246948242,86.4984588623047
77.9915237426758,68.8415679931641,87.6073226928711
74.1296234130859,72.6434097290039,86.5350341796875
72.6745758056641,72.4409942626953,86.1690368652344
73.8817520141602,82.7598419189453,87.4535140991211
74.9761123657227,83.6693954467773,88.2311553955078
74.1341323852539,83.0724563598633,88.3593597412109
72.328483581543,66.9322204589844,86.5169677734375
80.0474014282227,87.3427047729492,89.199836730957
76.1242370605469,84.4259872436523,88.1510696411133
61.2459411621094,75.3400268554688,87.1889419555664
70.5222778320312,88.1470184326172,88.254280090332
70.1557006835938,89.6428298950195,88.2936859130859
75.5499267578125,82.5327453613281,88.2593307495117
78.4761352539062,86.6261367797852,90.1539611816406
75.9622268676758,71.1622619628906,87.2936325073242
60.1382827758789,76.9857635498047,87.1995391845703
73.0006942749023,91.7515487670898,88.8005828857422
55.5560264587402,74.2087707519531,87.7780303955078
71.9177703857422,92.7089614868164,89.2018890380859
80.1307678222656,82.4978332519531,88.8484268188477
76.0583267211914,66.6865005493164,87.4335708618164
71.9694900512695,88.3423080444336,88.4223251342773
77.0811080932617,67.5534286499023,86.9973602294922
77.6217193603516,68.1898498535156,87.1312713623047
83.1648254394531,83.0271911621094,88.6355972290039
72.4708251953125,89.3612213134766,88.6799240112305
70.0522384643555,91.4645080566406,88.9729537963867
72.3271255493164,68.0606536865234,87.2444152832031
56.0424995422363,72.9003372192383,87.7287979125977
72.6024017333984,69.9971008300781,87.2138442993164
58.2838363647461,72.1363525390625,87.8597640991211
72.8123931884766,71.5871658325195,87.0266418457031
77.0614395141602,70.2743988037109,88.1703338623047
77.4803695678711,85.7127914428711,89.43359375
60.7173538208008,76.1002426147461,87.5750350952148
74.8396377563477,65.5210647583008,87.6977005004883
74.7750091552734,71.1910934448242,88.1215057373047
82.3099136352539,87.3312911987305,88.4214172363281
73.5604858398438,71.3652496337891,88.0169525146484
70.5669250488281,92.6305923461914,89.0870056152344
84.0065155029297,86.4659271240234,89.30078125
76.8775100708008,84.5342864990234,89.1301879882812
59.3244667053223,72.9887008666992,88.5082473754883
72.737548828125,91.031982421875,90.2997589111328
76.3671493530273,82.8871612548828,88.6144027709961
77.9822158813477,82.6943206787109,89.0410690307617
57.2709350585938,77.5702056884766,88.5246963500977
55.8258361816406,75.7093124389648,88.596809387207
77.9044876098633,69.4042663574219,88.0982818603516
82.7749786376953,82.6861419677734,89.5627822875977
73.9080276489258,64.9636383056641,88.7199096679688
72.0678253173828,66.70166015625,89.0776977539062
72.6971130371094,65.6301116943359,88.2465744018555
77.6059036254883,69.4455718994141,89.5050430297852
76.0781707763672,70.3904190063477,89.6585540771484
72.8199157714844,69.2265396118164,89.0791168212891
71.1807632446289,89.6491928100586,89.6043090820312
82.0392990112305,82.5113983154297,90.1265869140625
58.5271606445312,77.5272674560547,88.3477935791016
59.381763458252,76.838020324707,89.0488739013672
60.0717582702637,75.9712753295898,88.8316268920898
56.7957878112793,72.427375793457,89.0856170654297
77.5777282714844,67.912353515625,89.2219924926758
55.8691329956055,73.9646759033203,89.515510559082
84.0305709838867,83.5575103759766,89.4240341186523
60.2337341308594,75.0112915039062,88.6078872680664
76.3718414306641,83.6674270629883,88.7651519775391
84.4885482788086,85.2561340332031,89.8131866455078
77.1454238891602,83.5151214599609,89.5450134277344
56.600456237793,77.3082122802734,89.1084823608398
74.0110778808594,70.8690872192383,88.8093948364258
82.0609588623047,87.6659774780273,90.8252563476562
73.2433700561523,70.1792221069336,88.902214050293
83.6053237915039,87.0100021362305,89.7738265991211
70.2410049438477,91.6122589111328,90.5094375610352
77.8463592529297,68.7778015136719,89.6393661499023
72.4766998291016,91.9670639038086,90.4004364013672
56.1836585998535,73.3254776000977,89.9077682495117
57.9433326721191,72.3840179443359,89.7321624755859
84.6052093505859,84.7693099975586,91.3706207275391
58.8115272521973,72.9236068725586,90.4023590087891
55.8935585021973,76.6535797119141,90.5582885742188
71.099739074707,92.662109375,90.2562484741211
81.1199951171875,82.6698989868164,91.2395477294922
70.4222259521484,90.5618209838867,90.0264053344727
82.8762359619141,87.5590209960938,91.0424499511719
76.0659332275391,66.5278472900391,89.6297836303711
59.4565353393555,73.7722473144531,90.204719543457
84.1326751708984,83.7547912597656,91.5533981323242
78.3222122192383,84.0802459716797,91.8053436279297
77.7134246826172,68.1214370727539,91.2053146362305
71.7939529418945,90.5641555786133,91.0161819458008
71.1342926025391,91.8694610595703,91.4639282226562
75.1465759277344,70.5148468017578,90.1288833618164
73.0941848754883,65.0777893066406,90.6928176879883
77.695442199707,85.1734924316406,91.0077667236328
70.8782958984375,90.6989059448242,91.1829681396484
76.0370254516602,66.5593872070312,91.4039688110352
76.9270095825195,69.7970657348633,91.2450332641602
58.1450500488281,77.6817092895508,90.0070495605469
72.2977066040039,66.0827560424805,90.4752197265625
74.398811340332,70.3183441162109,90.4046936035156
57.016674041748,72.7661666870117,90.507194519043
74.9342346191406,64.9809646606445,89.9254302978516
75.2804489135742,65.2714767456055,90.8616714477539
81.0783462524414,87.6156463623047,91.8941192626953
84.5836334228516,85.9355316162109,91.8544082641602
82.9892044067383,82.8631362915039,92.4669189453125
57.1907119750977,77.6036987304688,91.8736114501953
72.2404861450195,66.8282775878906,91.6292572021484
75.3426666259766,70.0937042236328,92.0416870117188
59.5998954772949,75.5131683349609,91.0995864868164
59.4415473937988,76.3714065551758,91.022216796875
57.728946685791,73.1886596679688,91.4280700683594
79.9410552978516,83.3082580566406,92.2511749267578
73.4743957519531,69.5342330932617,91.1902847290039
83.9466018676758,86.9795227050781,92.5454711914062
58.6553916931152,77.3112258911133,91.8830413818359
73.7943344116211,64.7948379516602,91.9104461669922
56.3121223449707,77.055046081543,92.3891677856445
55.9649085998535,75.4578094482422,91.4025344848633
78.5354919433594,85.6605758666992,92.1510009765625
79.2969589233398,86.7211532592773,92.0452651977539
56.8364219665527,74.2699279785156,92.1319427490234
77.7860260009766,69.0376129150391,92.119514465332
74.5447769165039,69.7134628295898,92.794807434082
78.588737487793,85.0180206298828,92.6441421508789
82.3969192504883,82.8424758911133,93.8730850219727
83.612922668457,87.3076934814453,94.4866333007812
74.7768630981445,65.0206832885742,92.4269943237305
75.2859115600586,65.4446640014648,92.2707824707031
56.3447456359863,76.0615310668945,93.3210906982422
72.7893218994141,65.9557647705078,92.5145721435547
73.6008453369141,68.9299545288086,92.4511108398438
83.5407562255859,83.0921096801758,93.6997909545898
76.278076171875,69.8233184814453,92.6911315917969
57.8413772583008,77.3854064941406,93.3581924438477
58.9446029663086,76.3593597412109,94.1712112426758
79.1702346801758,84.3711318969727,93.2993316650391
77.4612808227539,68.4167633056641,93.4406585693359
79.2749481201172,86.0209045410156,94.0399322509766
59.1320686340332,75.1934127807617,92.9300994873047
77.1043853759766,69.3896408081055,93.2171173095703
82.2410583496094,87.7878646850586,94.4223709106445
79.5805816650391,83.8415145874023,93.2242050170898
84.5968627929688,86.3668594360352,93.9298858642578
57.6157722473145,74.2263336181641,92.6649017333984
84.5608901977539,84.0451202392578,95.2530364990234
73.6354141235352,65.0630111694336,92.5789260864258
84.87548828125,85.3342208862305,94.6039276123047
58.4380912780762,74.4711380004883,92.8763275146484
75.71484375,67.2183456420898,92.8843460083008
73.307243347168,66.7288055419922,93.6182403564453
79.1401672363281,85.2479934692383,94.1328659057617
81.571403503418,83.0367889404297,94.8650360107422
75.155876159668,69.1965103149414,93.6665954589844
79.9071807861328,86.9155502319336,94.8615570068359
74.9732894897461,66.0796356201172,93.7367630004883
58.8197288513184,76.9231033325195,93.3358001708984
57.6945838928223,75.1864852905273,94.6369018554688
56.9138107299805,76.8921737670898,94.4972076416016
76.3627014160156,68.9907913208008,93.9050750732422
75.9065399169922,68.1819305419922,93.8093185424805
80.9985122680664,87.5585784912109,96.1197738647461
73.7053909301758,65.6472854614258,93.6505661010742
58.0544929504395,76.7561340332031,94.9391098022461
56.6022758483887,75.8563537597656,94.0969314575195
74.5842666625977,65.6001434326172,93.731819152832
58.830249786377,75.1595458984375,94.118896484375
79.7877197265625,84.4494857788086,95.7503814697266
75.5932846069336,68.7883605957031,94.0198135375977
74.2717056274414,67.8078460693359,93.4768600463867
82.043342590332,87.6976547241211,96.4529647827148
74.8808441162109,67.6138305664062,93.5097808837891
79.4232025146484,85.3421173095703,95.661376953125
80.9238967895508,83.7092361450195,96.6325454711914
74.2617263793945,66.5243225097656,93.9596633911133
58.3696479797363,75.4733963012695,94.7182083129883
83.6811828613281,83.4814987182617,96.2894058227539
57.6041069030762,76.1991958618164,95.4813919067383
84.1930923461914,86.2946929931641,96.6796188354492
79.5849838256836,86.1696319580078,95.8445281982422
82.3829498291016,83.261962890625,96.5061264038086
84.4875030517578,85.294189453125,96.9564819335938
80.4098205566406,86.893196105957,97.7596588134766
81.3134841918945,87.5123138427734,97.5863342285156
82.8789520263672,87.3135757446289,97.653678894043
83.3178100585938,86.8586959838867,98.1721343994141
84.0572814941406,84.0846176147461,97.229248046875
83.3516006469727,83.6714553833008,97.2717895507812
79.8549194335938,86.0012435913086,97.5676956176758
81.6495590209961,84.3348846435547,99.3845901489258
82.8006820678711,84.2555465698242,99.3352355957031
80.4395599365234,84.8786392211914,98.352912902832
82.0612640380859,87.2563552856445,98.6590728759766
83.6286773681641,84.9397964477539,99.1372375488281
83.711311340332,85.7757186889648,99.2429656982422
80.5455780029297,86.142333984375,99.2705841064453
80.7791290283203,85.2012252807617,99.6882171630859
82.4175567626953,86.7137832641602,100.014785766602
81.4038238525391,86.7593841552734,99.9756393432617
81.96533203125,84.7716522216797,100.988327026367
81.3141708374023,85.9515609741211,100.650955200195
83.2431106567383,85.076057434082,100.969337463379
82.9679794311523,85.9673080444336,101.14102935791
82.4264450073242,86.1132354736328,101.327919006348
82.3525924682617,85.4935150146484,101.751197814941
