7.237245412797497579e+01,6.583949380324894207e+01,3.581735962861515787e+01
7.305336204940296341e+01,6.470351410850435059e+01,3.692273821327197680e+01
7.335186662285231307e+01,6.546954766757878019e+01,3.647323510408084246e+01
7.308432287387697102e+01,6.691763606135718589e+01,3.658547206933219798e+01
7.189446899773267319e+01,6.654819311821167105e+01,3.642777312426634495e+01
7.127564367137168233e+01,6.632479727148707127e+01,3.730528200230844504e+01
7.223835990651329553e+01,6.718649072565223435e+01,3.705459049894083989e+01
7.154483075296326433e+01,6.705454609078071826e+01,3.788108333726215449e+01
7.187144680432724897e+01,6.523138706924765984e+01,3.653662076011462290e+01
7.124187097988269102e+01,6.550301715695123050e+01,3.718644010271133027e+01
7.146403794533773635e+01,6.450707961002768798e+01,3.847687812883928160e+01
7.258747076789875052e+01,6.458052533997850730e+01,3.702312924103803482e+01
7.399411608898347481e+01,6.607862524967923434e+01,3.749391197147863153e+01
7.373801537616023438e+01,6.681032770302130075e+01,3.736333931713604528e+01
7.376041895825842687e+01,6.476590776512558989e+01,3.855339609167666026e+01
7.428291067091659272e+01,6.563545438616944239e+01,3.844758888377146633e+01
7.288698745161555337e+01,6.765521709739985567e+01,3.830036127681019309e+01
7.110285072410643181e+01,6.664382181883527778e+01,3.878969594363252327e+01
7.245582631750248481e+01,6.398025771231581871e+01,3.962678954907676854e+01
7.179042840260864011e+01,6.406843985595591562e+01,3.979402424856742471e+01
7.311486160149297575e+01,6.413319486832571670e+01,3.966131046005327221e+01
7.441743265566253740e+01,6.683619023886147659e+01,4.024097703063947762e+01
7.368381890806620049e+01,6.753836331259910253e+01,3.972467731257462020e+01
7.213997009028805962e+01,6.773822430200877420e+01,3.969491626286834673e+01
7.098762645544543659e+01,6.718278915033684484e+01,4.113063091596314536e+01
7.072669432333722739e+01,6.573122290908730747e+01,3.976081874276442818e+01
7.093634615765051876e+01,6.487942951204726683e+01,3.972556220019945528e+01
7.446332720333326449e+01,6.540101511189934058e+01,4.008183353273740579e+01
7.308068003014940928e+01,6.785699834364110927e+01,4.025930316770486428e+01
7.473814937234817535e+01,6.635300604957073745e+01,4.186938530378090917e+01
7.445836427091226994e+01,6.733914267633250006e+01,4.140750752013556024e+01
7.369507707081970693e+01,6.803913712859390728e+01,4.199110326367009804e+01
7.183779275595156832e+01,6.791345260877463375e+01,4.215202148567828289e+01
7.316926240451388708e+01,6.835756471656726774e+01,4.309099604443655807e+01
7.046597138745994471e+01,6.648280747522625234e+01,4.237900058551593929e+01
7.041717051980924680e+01,6.560404237217611012e+01,4.296292540127269888e+01
7.079485522171388823e+01,6.455654863043351099e+01,4.227164232528348009e+01
7.174943398946457762e+01,6.374515939573906564e+01,4.252386101813379327e+01
7.363988462389040990e+01,6.394000265616283940e+01,4.284919318236045882e+01
7.754441003667029975e+01,6.920260096708297226e+01,4.118564957739583576e+01
7.874296357896712095e+01,6.847249351511707971e+01,4.202437942163839324e+01
7.887435549506207622e+01,6.913161072915890770e+01,4.095287440771040366e+01
7.824970834521809593e+01,7.043977218139986007e+01,4.087195547734177836e+01
7.714613883994789489e+01,7.026432287230238671e+01,4.150055927985012971e+01
7.656972429206872732e+01,6.936938298109186007e+01,4.294007875605245772e+01
7.074502994522541144e+01,6.743084817018883825e+01,4.332331367592800575e+01
7.431745746028251176e+01,6.457259629741977847e+01,4.252198242822446872e+01
7.459436463999688272e+01,6.812833978031557081e+01,4.317169145374425909e+01
7.930116169169392037e+01,7.009218747873535449e+01,4.112386778493416273e+01
7.308351120077732332e+01,6.367341005132437459e+01,4.378558407492585047e+01
7.748325510589204157e+01,6.863682075834613272e+01,4.214540242964690719e+01
7.704943714852032599e+01,6.860524919186974557e+01,4.317576202834059984e+01
7.820958327076807848e+01,6.821023750301742439e+01,4.310752116091020270e+01
7.127252860201302553e+01,6.832310974070757936e+01,4.543908124526132752e+01
7.629423543928267293e+01,7.053884564519397316e+01,4.339335338278669241e+01
7.967005422577493334e+01,6.897078030730587273e+01,4.272391580233892938e+01
7.783430956432530934e+01,7.118498346293375789e+01,4.282048877248737284e+01
7.439706846821958663e+01,6.463040949784247857e+01,4.427898564533865056e+01
7.433725363977596601e+01,6.887839391003865330e+01,4.387397058191068311e+01
7.491698543057994186e+01,6.746139715707346340e+01,4.326856668813228879e+01
7.893937354560510755e+01,7.099415805312500538e+01,4.225053629392701993e+01
7.981553159732251856e+01,7.052046936727047921e+01,4.322399965847701964e+01
7.551542006445623656e+01,6.810374800401264395e+01,4.393439909603061722e+01
7.869005524047484812e+01,6.810673313273308338e+01,4.418962006508816387e+01
7.601271941993370262e+01,6.918380457203518574e+01,4.342415447160819753e+01
7.247518968343811707e+01,6.356389611929039773e+01,4.392366980472355209e+01
7.317398421701663835e+01,6.877153491327089796e+01,4.478577823897975208e+01
8.011984702352880561e+01,6.993251046195507570e+01,4.407953725987732696e+01
7.485471064819905962e+01,6.681054858512680994e+01,4.394625118324101010e+01
7.878379603047912383e+01,7.129282601143007980e+01,4.339042025235912803e+01
7.516751009523093785e+01,6.900087766632385922e+01,4.383591075623156996e+01
7.671174845420046040e+01,7.139275994042664308e+01,4.463544066381709996e+01
7.528835859318924406e+01,7.067276400713987528e+01,4.439403850613729219e+01
7.287056630969087223e+01,6.933421271121000018e+01,4.745893248610086346e+01
7.426359064123660403e+01,7.016575370982708648e+01,4.560813169186847915e+01
7.639180465329614833e+01,6.828567031181515290e+01,4.429421729910192340e+01
7.555651999624080872e+01,6.771903955518205009e+01,4.551075559316019792e+01
7.174505099043443579e+01,6.377419715476083439e+01,4.529749029252785419e+01
7.932843683130398915e+01,7.135084597314288146e+01,4.518438903093568371e+01
7.050345165948283466e+01,6.502609685609763801e+01,4.617256860903828652e+01
7.467845309752379990e+01,7.195706491556958895e+01,4.676927599644502465e+01
7.648905155627505792e+01,6.809153718995429472e+01,4.581837177741763867e+01
7.358636327663960230e+01,6.407855740390473898e+01,4.563355195917380769e+01
8.009994440978556440e+01,6.925132937879244821e+01,4.501754899784335606e+01
7.007689094753995107e+01,6.697772562024110243e+01,4.604135768255895300e+01
7.566521044012672803e+01,7.172731117145704616e+01,4.577863353331987639e+01
7.443701958480855296e+01,6.665609460104546713e+01,4.861587552511588228e+01
7.722904376417069727e+01,7.190791503565014864e+01,4.704818506682094181e+01
7.328463370968584911e+01,7.018319168115370132e+01,4.871706902962262831e+01
7.056120701198931044e+01,6.813869907810929760e+01,4.876953937633782488e+01
7.978125709876820792e+01,6.862424804980707904e+01,4.593468939936204265e+01
7.614069240320866072e+01,7.212803306716995166e+01,4.702670953665634102e+01
7.576160734996159363e+01,6.790062877976171762e+01,4.906227374903230043e+01
8.005953250433445589e+01,7.066364102468374142e+01,4.531750536213148450e+01
7.978644410550994337e+01,7.123431418701326834e+01,4.837674287390591132e+01
7.010629635538933258e+01,6.646119928661697429e+01,4.877038480200057791e+01
7.013002238096245833e+01,6.741275768219834674e+01,4.979713694243916677e+01
7.276533197447298562e+01,6.394239971045947613e+01,4.766114349440069020e+01
7.853968331253948065e+01,7.183521572082636908e+01,4.739567501303128694e+01
7.281520482283754347e+01,6.980832099820084125e+01,4.920448251520451777e+01
8.035194548197317488e+01,6.992541594542024086e+01,4.788352338431173649e+01
8.024127281665738565e+01,6.939770067589627445e+01,4.757102374514653320e+01
8.023535891514561058e+01,7.054626757947734461e+01,4.803070275469856654e+01
7.137022862892827391e+01,6.891884505254481041e+01,4.964363904187485588e+01
7.399120186198480553e+01,6.497969163622242661e+01,4.728730664757397761e+01
7.813096622975922401e+01,6.815860067500304353e+01,4.865177708363478359e+01
7.414267372870106954e+01,7.229440550855734671e+01,4.821937600161172099e+01
7.363009472284770141e+01,7.204402706834899561e+01,4.902620121800735831e+01
7.910475424504578257e+01,7.175756734574149220e+01,4.882470664435033569e+01
7.522442236249705161e+01,7.288450277693047497e+01,4.843577830265678585e+01
7.926974012807019676e+01,6.833323246052651712e+01,4.820979915633981250e+01
7.167496948186642669e+01,6.419025468829930503e+01,4.795706335968979062e+01
7.398406339252447594e+01,6.500742892692024100e+01,5.018121576166654307e+01
7.729900579061290955e+01,7.223729689760659767e+01,4.906979558671812214e+01
7.985582122634291125e+01,6.885920423877011842e+01,4.869738882567925486e+01
7.439598319305248708e+01,6.547562262805706723e+01,5.187277328641348362e+01
7.054517844013524552e+01,6.537376646893879695e+01,4.860211605849991656e+01
7.601197598077352779e+01,7.301314776375508586e+01,4.921378873874894566e+01
7.264244235311325326e+01,6.424256324916646577e+01,5.001709597540619967e+01
7.599867085713086112e+01,6.791418378980505111e+01,5.026070847298579736e+01
7.456424677900974984e+01,7.330860167749881384e+01,4.970605463367829913e+01
8.015577831978929169e+01,6.973642786916485647e+01,4.935604921868961270e+01
7.805957570653160360e+01,6.818507036193990700e+01,5.044960630186658079e+01
7.517367889985133900e+01,6.702083669380343167e+01,5.211951842760802123e+01
7.276485268010323182e+01,7.067223682577611044e+01,5.108924668133204960e+01
7.075634406803652610e+01,6.522412230391407206e+01,5.100428273257588785e+01
7.344105674204401168e+01,6.452460330259285115e+01,5.007224167638419488e+01
7.205764125539532472e+01,6.437259858585767347e+01,5.054480741576467295e+01
7.478623285756229677e+01,6.640585082175520881e+01,5.235876895464094360e+01
7.005553010130327607e+01,6.703700491975047271e+01,5.189099137833201780e+01
7.345117512073878174e+01,7.283164700690080906e+01,5.108879890200611129e+01
7.057837945065710983e+01,6.889473521044628512e+01,5.213427130213782590e+01
7.528861795074817564e+01,7.366268251872024564e+01,5.101781342985491108e+01
7.976716185809320336e+01,6.976496704924930725e+01,5.041309123924101954e+01
7.972069932054066044e+01,7.070789160169387344e+01,5.049067520506196161e+01
7.611891446592835564e+01,7.355902409302450451e+01,5.186619181317875160e+01
7.926457395334598743e+01,7.139387715826096326e+01,5.043894335872671775e+01
7.882363445698591420e+01,6.887247614509752225e+01,5.138902037727483929e+01
7.780421362315104261e+01,7.213952818760078856e+01,5.151059663219112394e+01
7.601092341124096663e+01,6.773128167521439025e+01,5.234749814745499918e+01
7.418003168488016286e+01,7.368021167664380755e+01,5.178302883076673169e+01
7.254329947196605133e+01,7.062952040529182796e+01,5.217240190289061985e+01
7.160698930335509260e+01,6.490501708893292232e+01,5.232142808924878352e+01
7.393201137732060602e+01,6.471836240598020140e+01,5.169454406402568480e+01
7.008149524655186724e+01,6.776770908819767669e+01,5.270453107184018648e+01
7.194268527198047991e+01,7.044455050529830942e+01,5.322728049516050675e+01
7.036435096321631022e+01,6.874934692331903818e+01,5.282853210958122503e+01
7.657253635069778852e+01,7.351467113313056245e+01,5.362457403611927020e+01
7.716139706521946096e+01,6.802579247225158099e+01,5.297929426417869081e+01
7.858087948982107207e+01,6.977593440458662144e+01,5.233310317380134080e+01
7.835546523454443957e+01,7.103876477485705720e+01,5.247122281915898157e+01
7.439284610847541046e+01,6.573758149418860341e+01,5.305463365481264049e+01
7.320173332249281373e+01,7.322965119227042408e+01,5.248695186880351571e+01
7.261852853746121639e+01,7.238103265834112676e+01,5.283875336916711518e+01
7.314504282233768606e+01,6.451504692364628113e+01,5.231717271856359730e+01
7.229428515217244922e+01,7.366385292789270522e+01,5.428163813085756573e+01
7.096222675892578025e+01,6.958798776423545007e+01,5.438000833321211758e+01
7.518835441656310081e+01,6.761047218277549575e+01,5.353311562087623798e+01
7.762385661433937400e+01,6.868715293787425935e+01,5.364687367474212465e+01
7.403528553108834842e+01,7.388419733729203642e+01,5.267477591345840437e+01
7.052596268636634136e+01,6.687178617828925553e+01,5.405937615143583486e+01
7.125127158418696638e+01,7.059120491254857654e+01,5.485464395328113341e+01
7.397646247437909039e+01,6.585632053133645059e+01,5.410567728772470275e+01
7.206851070506522206e+01,6.561139041532672422e+01,5.432923194953355051e+01
7.179651370767076912e+01,7.326634940234686155e+01,5.482795127306358296e+01
7.123691552328968157e+01,7.183229049870956828e+01,5.533070065614843713e+01
7.364327749742828644e+01,6.515191884055079186e+01,5.374858477122755573e+01
7.065984970520881348e+01,6.802975746716320771e+01,5.548220193437308723e+01
7.439413977753670792e+01,7.445427939043180743e+01,5.426846259626881874e+01
7.310668396237475974e+01,7.435288751417584763e+01,5.455552754991497721e+01
7.647136631263194317e+01,6.892433499937837382e+01,5.484980143670040320e+01
7.418799657113925150e+01,6.752024574798502954e+01,5.474922354740363772e+01
7.782102075443361855e+01,7.105944262840466763e+01,5.390431877865580645e+01
7.732456760158707709e+01,6.993978372228775697e+01,5.476298371925806663e+01
7.683038811928936695e+01,7.307797202037399131e+01,5.571835653095450880e+01
7.687821578783777454e+01,7.221107510736457868e+01,5.612287649932871858e+01
7.445115075345158573e+01,6.852384112347289147e+01,5.557112445404500534e+01
7.130043586263168720e+01,6.685184039287244673e+01,5.601628704667881919e+01
7.611207598903348526e+01,7.435695838143850267e+01,5.580594229182602106e+01
7.565092364029990790e+01,6.976622885133899388e+01,5.659563321229444455e+01
7.329480751471777467e+01,6.610294026174042870e+01,5.495351318764821968e+01
7.659715049225098937e+01,7.083326337752309598e+01,5.649951233017364416e+01
7.420451922328018668e+01,7.523131830018671451e+01,5.621620030007576219e+01
7.222075465371744940e+01,7.446797099541468867e+01,5.622051834607116660e+01
7.271740995787118322e+01,6.640142041761646396e+01,5.581504867307204165e+01
7.098841755557519662e+01,6.883465949638350878e+01,5.669196353360381835e+01
7.321628744614488937e+01,6.800793703760700737e+01,5.687689714508886141e+01
7.117267546582026227e+01,6.723421474437765255e+01,5.644825033268087111e+01
7.081916697503856994e+01,7.330886909375480798e+01,5.861002907718390276e+01
7.106791479180122906e+01,7.057595190460929757e+01,5.655563771165127918e+01
7.314788936049291124e+01,7.568195598906667954e+01,5.770314667089106564e+01
7.205001413954349232e+01,6.712286129695299053e+01,5.674375338770690291e+01
7.527591752724298146e+01,7.584137588178528233e+01,5.846403837175010665e+01
7.165359099504975404e+01,7.473905799529237015e+01,5.825474462137796650e+01
7.199044493522634980e+01,6.820284954025098045e+01,5.753423516602828158e+01
7.103198527568730469e+01,7.034243532047648273e+01,5.821210098325015281e+01
7.663673162100511149e+01,7.447591258888731147e+01,5.728951522970253052e+01
7.428206019313206809e+01,6.962955673299522630e+01,5.898995254899858764e+01
7.692187810059364494e+01,7.350715447173884343e+01,5.840527237841038044e+01
7.131718992557645720e+01,6.945278369349261993e+01,5.810440635207835669e+01
7.058606719420778575e+01,7.134380799958559294e+01,5.982025379047034619e+01
7.366236271959377291e+01,7.611652931432716684e+01,5.839521809621218296e+01
7.307784878410731721e+01,6.891748106740047319e+01,5.850247113433376001e+01
7.372881458803615828e+01,6.955083286827373001e+01,5.981251584385782394e+01
7.361696243914194326e+01,7.642349787379762915e+01,5.923746880387081148e+01
7.617122285635734613e+01,7.148691057554569284e+01,5.919912128171471721e+01
7.207490761811905600e+01,6.906238515955512014e+01,5.862780435108412291e+01
7.631434816201121407e+01,7.523528555992231759e+01,5.910241660956113918e+01
7.687137007028935898e+01,7.432487579730981508e+01,5.913714067521275553e+01
7.111067760626031031e+01,7.042060562688186565e+01,5.990599870880738820e+01
7.015502569468237937e+01,7.217903883185911695e+01,6.045345153008779704e+01
7.123325956456896790e+01,7.534391879638957334e+01,5.942544412794695319e+01
7.013522688540106742e+01,7.333783529753435459e+01,6.037699957266999462e+01
7.237357148676909446e+01,7.650562652610446435e+01,5.958159561064571363e+01
7.199996986931428467e+01,6.982804274095462915e+01,6.008842776934763208e+01
7.685822290050245442e+01,7.310588325357028339e+01,6.067937585125000055e+01
7.409453818942523640e+01,7.674196426639039714e+01,5.969302301901215202e+01
7.301949351001680100e+01,6.965471179667984813e+01,6.062068611272110985e+01
7.568839198587177464e+01,7.626178709411334466e+01,6.067505713557758185e+01
7.125362980467286889e+01,7.668347543183983817e+01,6.029543067859101768e+01
7.011854044256988061e+01,7.510090353028772370e+01,6.074408811189881874e+01
7.305561187089037389e+01,7.836982677247472395e+01,6.016538418547892775e+01
7.508385509519422385e+01,7.017940339516744075e+01,6.101824062596438125e+01
7.676272487264887445e+01,7.461587292635098834e+01,6.043131020452655378e+01
7.436709690859287036e+01,7.700110890076319947e+01,6.005462619754771936e+01
7.663647665742178106e+01,7.223768130074563487e+01,6.177262214438660237e+01
7.515823174717030497e+01,7.734523839429694192e+01,6.038309648733902435e+01
7.180050927090736934e+01,7.802422527607434688e+01,6.038887137679778050e+01
7.446412200504761358e+01,7.832765540248365710e+01,5.993156266532825782e+01
6.963679528549361919e+01,7.461290390679216955e+01,6.138052150025508524e+01
6.911512245379272201e+01,7.342210054582650969e+01,6.238643190453559839e+01
7.600916603319366516e+01,7.699394612247331793e+01,6.127323677475580865e+01
7.576376403074971222e+01,7.886618245575331798e+01,5.988851728324009827e+01
7.358552976110738086e+01,6.959368099968462218e+01,6.185771699579670724e+01
7.632076947852412729e+01,7.833987475027511493e+01,6.088953428411700486e+01
7.165520960632591141e+01,6.996225187112439414e+01,6.167734012811860111e+01
7.028488855462816787e+01,7.102533509015725599e+01,6.190958320738938170e+01
7.312176790331533027e+01,7.905108328993001976e+01,6.052525133213680419e+01
7.068818858300963370e+01,7.745900482994443337e+01,6.156560271957032882e+01
7.458844744683327121e+01,7.971177439812720422e+01,5.996106755000525368e+01
7.630970211955215632e+01,7.908762814892700987e+01,6.079705867341248648e+01
7.570708704975928072e+01,7.984325240760949782e+01,6.066603429928061075e+01
7.226008497317408796e+01,6.949347221943997965e+01,6.303100965978346437e+01
7.568520799564096535e+01,7.100667527336892704e+01,6.234449800985613166e+01
6.930610320311831174e+01,7.240149899010438617e+01,6.240373154969112335e+01
7.696791366648510291e+01,7.403358199128422257e+01,6.213278388988670287e+01
7.159998187487207133e+01,7.860488175414950263e+01,6.164412017894221663e+01
7.305386487401867157e+01,7.947101566269674322e+01,6.277207404764838117e+01
7.658325245150321336e+01,7.977545771596004442e+01,6.239055762366366764e+01
7.654314468555477902e+01,7.590447849428639415e+01,6.304696965045558699e+01
7.392949954147201197e+01,6.970389598811071608e+01,6.300950913784224383e+01
7.466930032167188358e+01,8.041845282152527830e+01,6.254305868034211358e+01
7.698673781052889353e+01,7.303848038943912968e+01,6.300356714172502137e+01
7.684167659870348643e+01,7.898764135808444564e+01,6.283086155380526350e+01
7.003295591999720671e+01,7.739897610140786810e+01,6.399020340236334903e+01
7.084035237540022933e+01,6.984085370096241263e+01,6.386068762901756202e+01
6.991314831439230204e+01,7.096070711464722081e+01,6.306068577152083066e+01
6.909535075374971314e+01,7.442490191112074172e+01,6.297834781533639159e+01
6.899848876251029139e+01,7.224237463570531759e+01,6.291051176773333253e+01
6.822887421074524639e+01,7.298506011753600831e+01,6.372661542372721044e+01
7.123881934459868148e+01,7.846176585373883938e+01,6.298310558113197999e+01
7.581905972328790710e+01,8.054052629891862125e+01,6.262946402132900658e+01
7.688600837819140565e+01,7.615189681382817355e+01,6.418927418347445268e+01
7.715314633998673344e+01,7.392019556208505549e+01,6.377406635034166982e+01
7.323336208147208026e+01,6.923657856966025292e+01,6.395238928943460621e+01
7.610633937721371467e+01,7.128823222458785835e+01,6.426712948856661001e+01
6.911885610022243043e+01,7.107850724974663592e+01,6.389647873683718160e+01
7.177167209566985662e+01,6.907002372067384499e+01,6.455163314812563158e+01
7.699698193411464331e+01,7.986633521599306107e+01,6.425815258308793432e+01
7.630237865214716919e+01,8.069290808523146552e+01,6.450658473245535163e+01
7.292198878119981487e+01,7.979503251735827973e+01,6.393625127130759722e+01
7.094753042054858838e+01,7.908336354448957195e+01,6.517066340381846601e+01
6.817542047206691791e+01,7.176561465878965862e+01,6.455806337998026834e+01
7.681183620241387189e+01,7.219407723334600746e+01,6.512408690266504152e+01
7.496064067759488125e+01,8.109697391616491302e+01,6.412913467838794190e+01
7.360766187782077452e+01,8.065111024112093219e+01,6.443798968086440482e+01
7.402017789960791561e+01,8.144185266043369609e+01,6.476205519373260699e+01
7.736766320212922210e+01,7.471653922505295498e+01,6.542353693272448822e+01
7.765748818819969301e+01,7.871322738307166844e+01,6.569211161954407885e+01
6.881936965653034122e+01,7.605968787719095303e+01,6.499419357063126768e+01
7.221950281569236552e+01,6.847211509987425870e+01,6.579300367231634539e+01
6.932950148433171478e+01,7.760373299172628947e+01,6.676607537947043625e+01
7.508849967507234169e+01,8.230144917713587915e+01,6.566330271153761089e+01
7.133708138386774067e+01,8.009618845220005312e+01,6.568707617911198327e+01
7.774727170318033131e+01,7.577060464471952628e+01,6.600110557568427794e+01
7.547236805699849072e+01,7.009249191244056476e+01,6.603805066304138904e+01
7.094044957703525256e+01,6.864934973716046329e+01,6.642943490770720416e+01
6.868945641452830841e+01,6.985382232772239774e+01,6.646285598892482938e+01
6.760189757990747239e+01,7.434907110246336970e+01,6.584999669234510122e+01
6.761774802737359380e+01,7.290084238678937822e+01,6.530172408274580675e+01
7.319318507701781584e+01,6.850732154778890504e+01,6.713342651019407015e+01
7.740904476702399961e+01,8.018636288548580637e+01,6.593172906264314292e+01
7.248369730196368721e+01,8.248599472724389159e+01,6.596681260497427957e+01
6.784854830710114015e+01,7.616752222034102715e+01,6.729142204737652833e+01
6.761278129221091149e+01,7.155041776151902866e+01,6.651467011020108089e+01
7.125852447856291860e+01,8.224210624287769633e+01,6.633148974944762699e+01
7.825853482008739093e+01,8.007268785901575825e+01,6.695616898740954070e+01
7.701705910305250313e+01,7.182243477715670110e+01,6.669819581238255068e+01
7.602753066616801902e+01,8.206966045887182304e+01,6.609150768652753527e+01
7.735903864369139171e+01,7.225472811256618400e+01,6.836607956995544555e+01
7.750314577266068738e+01,7.385484862495154346e+01,6.745268839498747582e+01
7.081212725553002940e+01,6.838652803316051632e+01,6.815407671496741671e+01
6.969092685493032491e+01,7.855028059534605234e+01,6.702244484759518173e+01
7.669264941058818863e+01,8.243226171901547161e+01,6.724553704889645189e+01
7.034032167953822068e+01,8.073207668311881946e+01,6.698905889082368503e+01
6.722329507199586374e+01,7.558881473270255924e+01,6.815041586716151301e+01
7.804856922659021734e+01,7.766216843473230824e+01,6.746773733000533468e+01
7.500223009058601065e+01,6.890887719487078300e+01,6.889761523338067661e+01
7.133257698764138865e+01,8.334149443392880130e+01,6.708279627899406705e+01
7.315223043488596488e+01,8.352151897187397367e+01,6.764143791666005257e+01
7.837448709319394879e+01,7.891554941208914897e+01,6.755776613686578003e+01
7.607220466709424045e+01,6.998835531121810050e+01,6.833767306908760020e+01
7.164129364671474320e+01,6.818602930582143529e+01,6.863122219098944754e+01
7.807927621394138384e+01,7.566732485813675169e+01,6.822901883446118632e+01
7.130429208253796958e+01,8.376219329224184662e+01,6.774085448512872176e+01
6.959428369688946248e+01,8.064043880006860832e+01,6.807992716508070430e+01
6.832677469339327558e+01,6.973521810326279535e+01,6.940553784716325936e+01
7.005606164616069975e+01,8.311885307461864159e+01,6.739500160420411135e+01
6.967570583605537138e+01,8.284312179196658121e+01,6.765162423747599973e+01
7.498411154556352187e+01,8.344487682890232350e+01,6.775769294318423874e+01
6.851347183572796951e+01,7.767895766975253480e+01,6.862964006801639982e+01
7.591740413070179727e+01,8.293062124847932637e+01,6.732089064783255594e+01
6.899479542783410579e+01,8.417236485805037205e+01,6.772308013042683683e+01
6.856424196224924117e+01,8.351545923758459367e+01,6.840076401182398058e+01
7.706008542334667766e+01,7.096620614836912466e+01,7.032292965791275208e+01
6.701035473857916713e+01,7.440257752843143635e+01,6.807294446289002110e+01
6.692055776096822228e+01,7.330294170545010957e+01,6.877640574797219131e+01
7.833893519463347843e+01,8.107500803871567996e+01,6.762045465223562246e+01
6.704504857668811724e+01,7.655383382661690916e+01,6.901855708829067737e+01
6.909005320531993277e+01,6.882593362295600059e+01,7.049076548824656641e+01
7.831746157310101353e+01,7.799391750767728126e+01,6.875636671660264199e+01
6.847241223549848144e+01,7.881487712023118775e+01,6.947737656514394189e+01
7.089701987445269538e+01,8.419644339713890702e+01,6.882790303532911480e+01
7.776185380149772186e+01,7.318727771167979768e+01,6.911170596272476985e+01
6.898397370758648606e+01,8.165820140584493458e+01,6.928801545657768202e+01
7.814527167760907389e+01,7.620593946221559634e+01,6.937527589963929131e+01
7.889486820158967362e+01,8.046467734922791237e+01,6.823076389277687781e+01
7.720924045312209216e+01,8.400707332531611371e+01,6.917123128645249608e+01
7.555347951289965636e+01,8.394167046157119216e+01,6.878854577607037868e+01
6.820690493207574434e+01,8.220371249559798343e+01,7.064952681794335376e+01
7.912356993771615521e+01,7.981876597368808746e+01,6.983841053758820294e+01
6.765606170968875688e+01,7.835317519635096062e+01,7.018791925777715335e+01
7.336843713899446584e+01,6.824648757954432199e+01,6.998656985521975571e+01
6.877675406844331008e+01,8.476240599641246831e+01,6.835923401817450440e+01
6.751684895074458836e+01,8.392829795705598883e+01,7.000906548343145630e+01
7.238369938774772550e+01,8.402403329676509713e+01,6.918319762580215126e+01
7.808987607575552659e+01,7.683291069130096673e+01,7.201695302234369933e+01
6.621617216546286500e+01,7.559841467994924358e+01,6.940343417101375678e+01
6.608510815963123264e+01,7.401246253278604570e+01,6.966436166744789205e+01
7.760255142435877929e+01,7.170529831860120851e+01,7.131426695984693254e+01
6.649853384746693052e+01,7.763531501368308341e+01,7.022191411491454005e+01
6.542764265408094104e+01,7.699600856388553893e+01,7.022447214118815850e+01
7.581299709210641424e+01,6.951433027884695548e+01,7.041899980851329133e+01
6.701230686585007845e+01,7.105771409636467695e+01,7.112325240864386444e+01
7.859894509282430874e+01,8.239579027756755636e+01,6.910999346040443925e+01
7.024306609276231939e+01,6.814403063106463776e+01,7.096867371966374094e+01
7.867540053850375159e+01,8.383980569433187213e+01,7.058556310101818099e+01
7.771682002539336054e+01,7.436077369476227261e+01,7.110238509162310550e+01
7.894237619258598215e+01,7.912768062200562724e+01,7.140626580354540920e+01
7.930799762944872100e+01,8.094326481057329659e+01,6.972820174745693578e+01
7.203468994233942624e+01,6.769808457848743899e+01,7.132490477441355381e+01
7.659673470797591222e+01,8.473185542395445680e+01,6.991725354678605697e+01
7.942938917483546390e+01,8.214424359667584952e+01,6.981179956301085099e+01
6.780242085888197323e+01,8.473721853152073891e+01,7.032189250027917637e+01
6.813000015909214824e+01,8.072518003950087007e+01,7.130295351884450383e+01
7.471872747046637642e+01,6.873773683985349692e+01,7.044172888389152831e+01
6.924160889602933366e+01,8.484193327628250358e+01,7.006452871412989225e+01
7.183053457345717163e+01,8.442241364257726843e+01,7.081509059700682940e+01
6.918661170697650675e+01,6.849408605412030226e+01,7.198422207369399928e+01
6.493111096025621976e+01,7.581198552279951741e+01,7.017700703183525945e+01
7.406227343201777558e+01,8.535108295433450110e+01,7.176550655028911763e+01
6.757160881291798660e+01,7.939593250389053480e+01,7.181474510513733378e+01
6.666409229864160579e+01,8.382663962634981658e+01,7.190026218997807916e+01
6.770889942343386281e+01,8.136512292343260810e+01,7.234350642818471044e+01
7.014709316581813425e+01,8.466829137302070762e+01,7.229798973503970672e+01
6.514324595663278217e+01,7.777154557878014884e+01,7.137453112762364071e+01
7.783659975132189857e+01,7.270428628462549625e+01,7.160134800205791805e+01
8.029151929485570349e+01,8.300392729269422887e+01,7.076861201153155889e+01
7.394748263824615719e+01,6.806431302461747634e+01,7.224954985897061022e+01
6.670205315302946758e+01,7.831183752675451615e+01,7.130765882514593557e+01
7.481219026383810444e+01,8.591688447125807215e+01,7.292623401154922647e+01
8.001020503599093558e+01,8.106814230230206419e+01,7.123174758814685958e+01
6.536962378498611770e+01,7.271836607220981819e+01,7.133792416736950770e+01
6.797213790879487760e+01,6.937955814162411627e+01,7.215720604922542236e+01
6.711069829497448325e+01,8.289402562161208721e+01,7.196670751750869499e+01
7.510835590499387138e+01,6.832840137414846993e+01,7.370268406974521724e+01
7.735387982209702784e+01,8.504612874667346034e+01,7.092636101055565234e+01
6.417651103029780302e+01,7.490989709026641208e+01,7.112220233563688510e+01
7.717388162789723083e+01,7.074784494643819244e+01,7.162459915558459045e+01
7.661012594338194504e+01,6.934088160784834542e+01,7.322927989640071189e+01
7.787607160224072800e+01,7.499578984764153233e+01,7.280566332834412435e+01
8.020434401785823297e+01,8.378165706148175218e+01,7.124140837212704014e+01
6.660115076660466116e+01,8.430543972454185564e+01,7.226614035477608411e+01
6.405034418187264578e+01,7.623081107690680369e+01,7.105371139055833396e+01
6.788692251041221937e+01,8.508847889306200329e+01,7.189859816251119184e+01
6.365724490223664134e+01,7.517635703312465978e+01,7.160320213961288971e+01
7.812447093808427212e+01,7.290540705190105086e+01,7.284000561407542307e+01
6.418384375544081877e+01,7.710456493434516290e+01,7.176503651307918119e+01
8.109960523986188718e+01,8.238030382572917176e+01,7.149178508089566719e+01
7.227266937672803238e+01,6.753736979566467369e+01,7.279210911337072787e+01
8.062892090685718927e+01,8.326089727878427027e+01,7.114633323227592143e+01
7.869610279299750744e+01,8.452143394597753456e+01,7.165083700881869788e+01
6.670900995037530379e+01,7.074879821062855001e+01,7.315298011495505648e+01
7.851473799038137713e+01,7.833265795525275621e+01,7.361960450332604466e+01
6.672601958557525847e+01,8.198872497844710949e+01,7.430616996948802466e+01
7.962482262384831699e+01,8.012167051349175040e+01,7.261459919782193140e+01
6.670774695885185679e+01,7.943718322339468330e+01,7.354039912323301564e+01
7.799395932618701011e+01,7.392982709456958901e+01,7.330256548391790261e+01
7.163805470683017518e+01,8.494789099523039511e+01,7.321677818630355716e+01
7.700339645488327278e+01,8.551126905944713030e+01,7.219989796583227815e+01
8.002054318505413733e+01,8.442570198843878870e+01,7.256204684023697382e+01
6.548612903524301032e+01,7.855546157199108848e+01,7.330292644802793234e+01
8.161078146811192369e+01,8.265136379121301502e+01,7.263917986457319387e+01
8.104438745828393564e+01,8.388286839831789621e+01,7.257915713187153983e+01
6.694968365091115459e+01,8.049749180280140592e+01,7.428189805523101086e+01
7.799160763446612066e+01,7.050933286314308646e+01,7.428293767428878880e+01
7.812746213490756020e+01,7.108452329929629343e+01,7.370587874689685748e+01
7.855764976439679970e+01,7.182720293526729449e+01,7.414628439502065760e+01
7.778311660871042932e+01,7.562730010584107276e+01,7.509442272771376281e+01
7.076578461940417242e+01,6.784264079793408087e+01,7.373793957859456327e+01
6.374695479237133355e+01,7.419638504125475720e+01,7.251362471155111677e+01
7.803471198219114058e+01,8.499118462063152890e+01,7.308547109008901543e+01
6.466478380808760562e+01,7.312312052680520935e+01,7.270368260549125239e+01
8.110016838444317955e+01,8.133777656764512187e+01,7.357223408855520574e+01
6.630008834434575249e+01,8.312871625668825004e+01,7.369995297645277788e+01
7.286424316110034738e+01,6.724894594776453971e+01,7.391537302914355223e+01
6.667777921786240825e+01,8.483803927550302149e+01,7.364479307516755568e+01
6.339929919161810545e+01,7.672984948774711711e+01,7.223407882175514771e+01
6.253457618952093355e+01,7.559883253858649255e+01,7.342537725477764354e+01
8.199606323345321357e+01,8.331080342218689339e+01,7.334756555014655532e+01
7.661538101072216023e+01,8.575792497464092889e+01,7.360281927648084377e+01
7.875854437099505390e+01,7.924180141968494695e+01,7.497438117566439075e+01
6.735811953005575958e+01,8.529975521528048432e+01,7.458808514090968345e+01
6.315054994734408922e+01,7.485795715500840686e+01,7.264530653884068556e+01
6.655056873998053391e+01,8.142270394733949956e+01,7.514049733767888029e+01
6.895522299160769819e+01,8.546351735248232728e+01,7.445253951023553896e+01
7.245650807071797317e+01,8.582438510358053918e+01,7.515472373460841027e+01
6.628895590955139028e+01,8.433379684333162629e+01,7.399463570705556492e+01
7.870829511661324318e+01,7.264318237789086652e+01,7.495035735486106887e+01
7.993715415710818206e+01,8.431951927894886012e+01,7.461049143867654720e+01
7.221854167796206525e+01,6.690277986909704566e+01,7.544754746037695270e+01
6.422408897703320463e+01,7.777419852759717855e+01,7.588496484101125361e+01
7.118459625608272745e+01,8.540106948530011266e+01,7.451333594374175107e+01
7.765734925450061610e+01,6.980383082870316969e+01,7.521847194713706131e+01
7.779062373003498010e+01,7.671675792700892771e+01,7.565118899630701321e+01
6.813228118707746717e+01,6.937676384374411498e+01,7.424239526774826459e+01
8.180818827520442937e+01,8.268265568001373822e+01,7.420849099891196943e+01
6.637578291610401493e+01,8.176571967478528791e+01,7.684215002632143410e+01
7.786888034073960796e+01,7.769075115751633120e+01,7.596179559207260468e+01
8.121157843406292898e+01,8.416948131513453291e+01,7.362902725993016873e+01
7.837042986672496170e+01,7.369980451732902793e+01,7.611895840193805896e+01
6.280203312442491637e+01,7.674467118950236966e+01,7.380998445720642565e+01
6.605897543863046906e+01,8.373135688217440986e+01,7.480876368867934900e+01
7.521407018318244297e+01,8.627544888370738363e+01,7.622737047484264394e+01
6.623664353673085259e+01,7.960076825109649690e+01,7.530911289438702738e+01
7.790039833691970728e+01,7.512412021974253662e+01,7.611729444863600236e+01
7.611000053304472601e+01,6.863049871149934233e+01,7.491873422752584588e+01
6.910615772616667130e+01,8.579846934086900490e+01,7.558622959372939931e+01
7.000815836364603229e+01,6.859975275734960576e+01,7.560965256931233114e+01
6.290133881127849236e+01,7.437496244674960622e+01,7.432088201366566693e+01
6.436949745503407883e+01,7.314976696615904928e+01,7.503972874043502372e+01
8.292692596937918381e+01,8.357420519721473795e+01,7.418445410638754822e+01
8.309313003846682477e+01,8.438418807886674244e+01,7.383471697307450654e+01
6.311915271587661636e+01,7.710088330837514548e+01,7.521536495393985433e+01
7.976958617550708652e+01,8.023353184973207419e+01,7.685735580193727401e+01
6.626624078119552053e+01,7.131369464529666402e+01,7.543116432577677699e+01
7.359211016052526588e+01,6.701159220167329522e+01,7.571935725238479620e+01
6.557924887647237711e+01,7.886891809899566397e+01,7.749846288691249185e+01
7.934533323183221398e+01,7.136346153353639465e+01,7.525161458455518471e+01
8.150382617765312432e+01,8.309862876754381489e+01,7.572352824785916425e+01
8.262039019104905435e+01,8.399521105888278782e+01,7.499888106834525558e+01
8.036913745498232231e+01,8.107482162639750811e+01,7.692914884585279367e+01
6.641583890446734983e+01,8.033622378126399610e+01,7.607272967513084438e+01
8.163926133761616200e+01,8.433994907256209217e+01,7.484872996894191033e+01
6.634557782177419938e+01,8.460744616606312718e+01,7.551892181014530081e+01
7.025683783558369555e+01,8.647468143119418471e+01,7.654343797665713112e+01
7.958869194628705657e+01,7.209895085703611528e+01,7.602332010587106481e+01
7.174328834936700616e+01,6.716213303502455290e+01,7.614165382029460716e+01
6.239026084788736171e+01,7.511247358672373764e+01,7.466694784665817508e+01
6.243063189001247082e+01,7.626171034430311124e+01,7.478711272571375446e+01
7.646732926653041318e+01,8.592370655782409017e+01,7.605183039621159935e+01
6.764334162496993486e+01,8.531255709202436321e+01,7.747389579709478369e+01
6.637462919601186684e+01,7.942266308320225221e+01,7.812350881556626803e+01
6.782493021793794696e+01,7.010648720927460431e+01,7.638769834505129097e+01
7.948650654844797714e+01,7.079906417304204069e+01,7.601127243699379221e+01
7.971451229194363464e+01,7.120119376259189892e+01,7.611298886234060035e+01
7.763609858054836366e+01,6.931881519468521446e+01,7.800934255797292849e+01
6.316799029928287723e+01,7.390831235465861937e+01,7.613347785080301833e+01
6.244883714905060401e+01,7.447361865971107875e+01,7.556632768489158991e+01
6.881118625930035648e+01,7.010051864103660080e+01,7.852156475436476057e+01
7.798892808391633480e+01,7.877556672273196625e+01,7.778837033409575952e+01
8.150731015250136124e+01,8.401651872969068791e+01,7.557946054431795346e+01
7.976889925618131372e+01,7.209888223765936743e+01,7.763881267884730164e+01
7.948428406569365734e+01,8.419314270203636852e+01,7.783780381783165581e+01
7.777953531429349709e+01,7.446024729959800936e+01,7.760010563904482694e+01
7.179867727405095934e+01,8.615535327869845617e+01,7.613988808373065353e+01
7.735278008481046186e+01,7.670143117294914248e+01,7.773773595183789098e+01
7.333190926497266560e+01,8.608697211246477821e+01,7.770380366458316246e+01
7.811950247622718280e+01,7.362454614600858349e+01,7.800130393504193194e+01
7.837692462284184103e+01,8.465614664563953795e+01,7.722229543827222642e+01
6.665333020600981229e+01,8.219054623623962641e+01,7.807062856416285967e+01
8.084636617768970268e+01,8.390680957630968351e+01,7.686242666022555170e+01
6.655753384777628412e+01,8.382493638800345082e+01,7.764766315840918764e+01
6.623224727179176341e+01,7.205275392630456111e+01,7.802261743326177168e+01
6.714434039313746894e+01,8.456676408306331894e+01,7.810339556035181374e+01
7.140561077428074555e+01,6.775689791242109550e+01,7.848800057807076769e+01
7.627673909038780664e+01,8.632829117574669908e+01,7.800310071509140641e+01
7.134059122409232145e+01,8.705730411208152475e+01,7.822048876520133831e+01
6.620859372341516291e+01,7.926131286366376116e+01,7.880691111199685395e+01
6.863850342760007095e+01,8.575593443443612784e+01,7.758850380115049461e+01
7.298147501985678787e+01,6.693991731232949860e+01,7.730081967552791866e+01
7.494174353312047288e+01,6.798851535036952498e+01,7.733063289844312749e+01
6.214542543451059942e+01,7.637290272516771950e+01,7.632969135532610494e+01
6.184581804817517536e+01,7.541215750591352673e+01,7.723477471966303654e+01
7.936248463927682906e+01,7.061889599145391117e+01,7.714149668789703185e+01
6.708734528544172804e+01,8.063869376149467882e+01,7.894561523747576359e+01
7.713723767059687475e+01,7.747971127954053827e+01,7.837424103902533545e+01
7.721765959668860546e+01,7.451355855364550962e+01,7.884262949967951783e+01
7.692693457390876688e+01,8.598523757360028696e+01,7.767161638969163562e+01
7.968466746475567675e+01,7.128321484229272187e+01,7.863201301086394324e+01
6.432008701398295614e+01,7.348794493204486855e+01,7.770445908191440765e+01
8.100140260311771101e+01,8.307211310716139963e+01,7.762325825804455803e+01
6.219820109623352522e+01,7.450810902664527191e+01,7.773266705193329074e+01
6.307229209435855921e+01,7.757032701629943006e+01,7.790575213281235278e+01
7.208547564478394065e+01,6.733353617700927884e+01,7.896583529195257256e+01
7.023242962715814031e+01,8.705539798473384394e+01,7.786140927220095875e+01
7.037125029846610857e+01,6.899852251384373858e+01,7.940240351606564673e+01
7.405991627175143321e+01,6.743245593535246485e+01,7.856976298021545801e+01
8.082779312300809238e+01,8.396461556304194573e+01,7.886257857547815320e+01
7.739069374107161536e+01,8.595063782484118065e+01,8.003443844193520817e+01
7.945962781835920907e+01,7.236459141627130975e+01,7.914563304095226215e+01
6.786712492129073837e+01,8.166562802694889456e+01,8.018040407746052267e+01
7.621114352621218302e+01,7.693121754583933125e+01,7.969656038956776456e+01
7.086682410850488623e+01,8.747075639737612107e+01,7.902235636830315002e+01
6.766188933067610378e+01,8.333139983702051268e+01,7.952866100304898112e+01
7.717657355810531783e+01,6.888686273656799131e+01,7.975945258687937667e+01
6.300651258316040071e+01,7.432160000725112070e+01,7.939381169254107817e+01
7.767772431483574280e+01,7.880818001777905124e+01,7.951749342525037889e+01
6.522721646310577626e+01,7.888778756833414718e+01,7.954628059742357493e+01
6.726739105273718167e+01,8.020071716320691735e+01,7.983176238968684402e+01
7.495847750119776265e+01,8.646769464875663402e+01,7.948718495100806081e+01
8.096204581414738755e+01,8.315521002361046499e+01,7.969971034459133818e+01
6.174481378142471044e+01,7.636036988592653074e+01,7.771340574937610768e+01
7.588341352028763254e+01,7.792966800251905113e+01,8.087998405797290502e+01
7.706449827096658112e+01,7.357034679033390034e+01,8.050273329518695675e+01
6.477532210599981966e+01,7.366239396312795407e+01,7.909369919107625435e+01
7.017020276846416493e+01,8.751880672105569658e+01,7.973460814048951306e+01
8.016401803467900322e+01,8.084454558413628433e+01,8.021835419210131590e+01
7.869282801747947076e+01,7.031925124920577730e+01,8.015663681177770172e+01
7.360309674910956801e+01,8.679062921935009456e+01,7.978787730985030180e+01
6.856861266456236592e+01,8.476085906676428294e+01,7.942052499334883464e+01
6.926377614550564488e+01,8.622878142519054734e+01,7.855825099562106573e+01
7.874754019728153764e+01,8.489049457026091261e+01,8.000345522684649779e+01
7.901206528133256768e+01,7.978318122717799099e+01,8.094607935773353802e+01
6.655020049658028825e+01,7.911697212124354905e+01,8.084279840679279516e+01
6.090033278332928290e+01,7.562938867409469879e+01,7.894037342101408683e+01
6.350540859743895794e+01,7.791998894531670317e+01,7.896691126441150743e+01
7.584284285154457450e+01,8.631415211745071758e+01,8.081459816813847397e+01
7.336307605280579480e+01,6.727202015754048148e+01,7.959590019995114574e+01
6.682955539289248748e+01,7.281642060357614810e+01,8.016236315951516644e+01
6.804553390868429119e+01,7.162763639533233118e+01,8.050413807738836169e+01
6.914506312773197294e+01,7.086136921569166702e+01,8.206198173213607561e+01
8.096256387619466466e+01,8.415628965217000257e+01,8.017614896488404952e+01
6.143006992131259381e+01,7.686690553400949000e+01,7.913420149735283360e+01
7.812671308216728505e+01,7.953314163198689357e+01,8.198582277913776295e+01
7.644544170657177062e+01,7.893934663799011275e+01,8.191731678159260355e+01
7.863342863422586504e+01,7.238337940653401859e+01,8.087386085170773242e+01
6.978825572032590685e+01,8.704349975799971162e+01,8.035793919539861463e+01
6.463710412955381912e+01,7.822835905955211899e+01,8.035373043811667060e+01
7.196047993793639819e+01,6.775618292147774469e+01,8.080263684111577049e+01
7.119491643737093511e+01,6.834566329807248053e+01,8.113114858838406462e+01
7.866930548826667291e+01,7.106788050780110666e+01,8.135875692028302808e+01
7.466698984699925745e+01,7.700073069223648758e+01,8.222226243385263444e+01
7.187844056971987072e+01,8.789177128993091515e+01,7.950338080454187661e+01
7.103125636782112906e+01,8.851353839233983933e+01,7.998045106222542699e+01
6.180286824252757327e+01,7.447866029366242913e+01,7.922122088287665065e+01
8.036201074493385477e+01,8.181201516137865326e+01,8.135452245069326693e+01
6.860537899251363569e+01,8.259512597525913691e+01,8.100200129570383467e+01
7.457410816986417501e+01,6.747199986367246538e+01,8.074193711861684619e+01
6.433959059746541698e+01,7.456728304269979901e+01,8.014315703598119001e+01
7.509164493814333241e+01,7.616038471650774966e+01,8.141549171254234807e+01
6.931879977284937411e+01,8.580269530660469002e+01,8.003591570817486911e+01
6.367382807100171505e+01,7.801975728161410473e+01,8.004952579003851554e+01
6.785846086905344521e+01,8.013340740714141930e+01,8.181302107517687716e+01
7.558047230731348520e+01,7.445772331806013256e+01,8.144899509103049695e+01
7.902430764322659229e+01,8.015291282235942560e+01,8.198400062573979596e+01
6.616472167606515598e+01,7.821593813217860713e+01,8.126452094275219906e+01
6.583483573170580883e+01,7.392119140313722880e+01,8.022082539401513657e+01
6.702790011801694448e+01,7.346244934331711818e+01,8.105048075093012017e+01
7.789462332933850064e+01,8.571326104560046133e+01,8.158191193401992791e+01
6.906491827383095483e+01,8.472725852451938522e+01,8.057398511522035278e+01
7.344410919175315655e+01,8.728559876686692576e+01,8.063665188875147294e+01
7.223710483441276153e+01,8.908706421656442842e+01,8.031142228497074598e+01
6.056761127037424330e+01,7.388822288023384033e+01,8.121630954799420010e+01
6.002375012021081346e+01,7.509876818140196519e+01,7.962562835837437092e+01
6.462125770556041005e+01,7.746827294358320160e+01,8.084790008814050566e+01
5.984389650975553110e+01,7.613676807347114561e+01,7.987205307885403727e+01
7.430058446349862322e+01,8.667988263610669719e+01,8.191819607911884304e+01
7.056178024519097391e+01,8.898555066673887382e+01,8.091292118462517635e+01
6.603497219730739687e+01,7.552594406359149559e+01,8.086578140246120938e+01
6.761903723111741726e+01,7.498272870637063647e+01,8.166752461444836797e+01
7.139549949386002936e+01,8.961763362410174238e+01,8.095586575125679474e+01
6.762118785776038976e+01,7.350237296621297389e+01,8.193562015258468989e+01
6.787621250647121940e+01,7.907452299724673139e+01,8.207884829514026137e+01
6.533044833969427145e+01,7.503035664882089861e+01,8.056861863746892993e+01
6.213091160679959302e+01,7.430937540941226871e+01,8.086985031366822341e+01
6.358544714821141497e+01,7.486570451254864622e+01,8.079409348268818292e+01
8.150620394029455440e+01,8.411339742534964614e+01,8.174066907027727780e+01
8.131047727643925782e+01,8.486329312585212392e+01,8.214786739328606302e+01
6.079300097809976933e+01,7.706109045273467473e+01,7.990043993798956024e+01
6.253812693160726610e+01,7.783304479539103227e+01,8.047293938920121548e+01
6.374674004837125807e+01,7.586736589666980990e+01,8.143195801101164477e+01
6.534410792908145993e+01,7.640845998269695372e+01,8.099794936211715424e+01
6.326133869738097104e+01,7.520913001624533933e+01,8.163644426419060096e+01
7.482849221509519566e+01,7.430919420643816409e+01,8.297196324326753825e+01
6.932032405062598457e+01,8.541331356462322333e+01,8.191075305503952109e+01
7.604127945140866984e+01,6.776781368732774524e+01,8.122308116454121318e+01
6.372026894426407750e+01,7.713382344874239038e+01,8.146456081970210050e+01
7.423308301114705898e+01,7.545065871097891375e+01,8.253459137505025467e+01
6.298962933658710028e+01,7.777745869308834870e+01,8.128439964061311684e+01
7.412150201822375095e+01,6.730763482050403468e+01,8.153580165744145347e+01
7.761849861392042271e+01,6.881865385923252632e+01,8.168566037402806046e+01
7.780918063638740989e+01,7.247880111035237860e+01,8.276392021850118397e+01
6.133964184152459609e+01,7.801595749840041094e+01,8.193797281362570573e+01
5.981330584405436213e+01,7.679277154583570564e+01,8.100753849895558290e+01
6.932060845856354092e+01,8.308563084495797568e+01,8.378596073495766916e+01
7.918155189933072791e+01,8.584011383187069555e+01,8.254511923028178444e+01
8.143453618039946207e+01,8.394378246037952351e+01,8.259129922001842772e+01
8.077840895344306205e+01,8.619536374665716494e+01,8.380675847117478838e+01
6.792081502263742721e+01,7.705227310110164751e+01,8.238951030295238809e+01
7.830254321682535590e+01,8.080053344505529367e+01,8.364226134812153646e+01
7.489918778950391243e+01,8.587259946456131843e+01,8.299426520179120814e+01
6.976232761778004487e+01,8.772879115577210030e+01,8.211742725841678237e+01
5.931709279527454726e+01,7.444234379184894124e+01,8.110978890357684179e+01
7.451010504520826316e+01,7.857662240952163302e+01,8.355043797062404565e+01
7.603915496129431517e+01,8.544471743955443799e+01,8.326286141742230029e+01
8.061600665439267743e+01,8.255865719156494720e+01,8.292939843337569528e+01
7.287915004227619420e+01,6.750400543561697475e+01,8.233660840140979076e+01
7.230526045545576608e+01,6.792947016774144231e+01,8.237375866811612468e+01
7.292871034409483855e+01,7.699774445711362603e+01,8.398797835897119057e+01
7.271568792036651985e+01,8.947981761646479981e+01,8.171726586070009546e+01
7.811142970719735956e+01,6.931070056370185739e+01,8.312379309122300697e+01
6.851998897942183930e+01,7.997074311807685376e+01,8.279684463672568029e+01
6.900734034995879540e+01,8.143452054323404354e+01,8.312885992701366433e+01
6.188997887246272711e+01,7.818747309007972035e+01,8.254550606100661980e+01
6.259923409617566392e+01,7.787294424431446771e+01,8.266233639835598979e+01
6.321441702366871596e+01,7.679900573754569848e+01,8.233626187125011597e+01
7.138322830897732274e+01,9.024017236162427480e+01,8.244314414119268974e+01
7.050186019080368283e+01,8.973315281476905625e+01,8.306688486403130867e+01
6.922278196393759231e+01,7.875092772090548010e+01,8.350161816945322357e+01
5.897408572834480367e+01,7.557100519468630750e+01,8.143306108806272903e+01
6.844184215036072771e+01,7.259149020907254624e+01,8.381551787012823240e+01
7.298813635570390090e+01,8.914236856305794277e+01,8.223121988628005852e+01
7.351245968926549779e+01,7.468147585930141474e+01,8.369042781751011262e+01
6.113566893194771268e+01,7.375129849669785642e+01,8.194529283871736425e+01
7.509845562261119767e+01,7.966533469891872699e+01,8.384121706818673658e+01
7.776709431827370622e+01,6.798830282713936413e+01,8.319126934880597446e+01
5.873796309199600074e+01,7.624750939695360330e+01,8.270116542112695868e+01
7.256164426878683571e+01,7.591132405041275888e+01,8.381810887846319247e+01
7.676894363922008324e+01,8.032595259037867663e+01,8.389543147512802079e+01
6.881073502770746586e+01,7.581351245372150061e+01,8.358561103622776045e+01
7.962075922787786908e+01,8.181709856672136993e+01,8.396752129969144107e+01
7.383029462933775733e+01,6.697745965387242961e+01,8.309539672387688825e+01
6.134216640175419144e+01,7.820308754457519740e+01,8.357059301910358329e+01
7.016960819782249814e+01,7.030353473334756131e+01,8.345206102469229847e+01
5.794610383859928504e+01,7.470325863036536873e+01,8.161593080016446322e+01
6.002228412380725331e+01,7.293844619553532027e+01,8.195390265293713128e+01
7.776306602505758292e+01,8.576299535333801316e+01,8.415606196037360576e+01
7.215188795669659783e+01,7.715261010097965766e+01,8.428425641215233100e+01
7.195355809850067885e+01,7.510434533068269047e+01,8.420230769516477665e+01
7.596534867956097514e+01,6.674307511252501968e+01,8.302513026130617391e+01
7.710280869713292873e+01,6.718098126948758875e+01,8.325625829312100734e+01
7.540190339926364516e+01,8.031531990738902493e+01,8.415318656712696566e+01
6.974996097306755871e+01,7.996976729889892965e+01,8.398227781262575320e+01
7.485174063050034476e+01,7.370139692816030674e+01,8.422349669867560351e+01
6.820229115017599497e+01,7.382755772718773812e+01,8.348173166977848325e+01
6.226606161361326741e+01,7.453616201923929907e+01,8.383224025033889859e+01
7.189981816730507092e+01,9.122006947955296141e+01,8.370851422013105037e+01
6.971792538648202253e+01,8.162661964697701933e+01,8.416469891382199364e+01
7.289703562510356960e+01,7.888269946448073711e+01,8.444132400773609959e+01
5.719246165162785900e+01,7.517743870493336544e+01,8.279370424992279709e+01
6.286957553885473260e+01,7.603391496672919914e+01,8.352278893783726232e+01
6.945115966074040159e+01,7.732541168366414297e+01,8.421305871947477328e+01
5.811108060318247226e+01,7.243848455900536010e+01,8.252472823391906331e+01
5.821403487144398525e+01,7.364661885527799257e+01,8.159404790260249740e+01
5.713255811999442813e+01,7.341153983741240552e+01,8.223247986723205827e+01
5.950888770638736247e+01,7.197518578543925116e+01,8.251821644871091621e+01
6.977403534621257108e+01,8.439168366106504493e+01,8.365263668422741716e+01
6.968504136134940552e+01,8.592796327556833091e+01,8.352311374244426645e+01
7.441803456846170661e+01,8.472731037020415101e+01,8.411268398191278095e+01
7.048664042154946685e+01,7.876046166412213267e+01,8.414089306913452049e+01
7.388963252345332933e+01,8.685275631447879618e+01,8.294524974716092913e+01
7.981743475075984406e+01,8.653397252571660658e+01,8.440913033355185746e+01
7.741486216570420709e+01,7.093349673348181739e+01,8.431695244811609768e+01
8.098776353571081188e+01,8.263019158828579691e+01,8.465211994476577217e+01
6.077746571490974503e+01,7.344863151233010967e+01,8.346817650432170410e+01
8.207378198891248644e+01,8.534817075461910463e+01,8.445380307306675149e+01
7.265004571414269208e+01,9.105363031772130000e+01,8.424528064317703979e+01
7.135259675542882007e+01,7.409156601556917110e+01,8.501209011437482843e+01
6.266555763812374380e+01,7.547886894618562792e+01,8.449124758530906831e+01
7.281282432407297733e+01,8.084135229309002568e+01,8.485784085752653993e+01
6.172944323320854920e+01,7.813600573831664065e+01,8.468813433695258652e+01
7.366933404384403161e+01,8.592229558584517690e+01,8.370021053559491975e+01
6.250332389484451312e+01,7.757217514424061733e+01,8.400851992526268930e+01
7.310297554265157771e+01,8.991023553326571971e+01,8.405165267429774190e+01
7.040658538335287631e+01,9.124750753007219828e+01,8.549196916209686492e+01
7.004760676346248260e+01,8.986276746706670338e+01,8.525865544109360883e+01
7.062707886390263923e+01,7.698464260292604422e+01,8.485029241274330047e+01
7.639429788911817809e+01,8.504993568683289595e+01,8.447826715358699801e+01
7.791227049016299588e+01,7.001456926185836949e+01,8.427982752735552197e+01
6.010047511887687222e+01,7.718465457633415383e+01,8.433401939650391910e+01
7.549329692562865546e+01,8.108189938138643527e+01,8.519392951777729195e+01
7.100467639245368900e+01,7.565115487558365714e+01,8.438505421408108020e+01
7.101141996148434998e+01,9.171053150472486948e+01,8.506525640956000700e+01
6.878214304800749801e+01,7.295215102637217797e+01,8.476217522747619171e+01
7.595791075645558976e+01,7.215955439258428328e+01,8.484677684358517524e+01
7.689315937243191001e+01,8.110116355682190203e+01,8.537973329614497686e+01
7.159736589203092194e+01,7.834856820867042870e+01,8.436444020297948043e+01
6.961388176176319575e+01,7.537603794589443851e+01,8.432320726862054983e+01
5.654096133068739505e+01,7.401751689954937774e+01,8.358262150872906204e+01
8.250700539569862713e+01,8.451463341717570188e+01,8.509401393606268016e+01
7.014142023833640849e+01,7.636891717224249021e+01,8.457631295282946837e+01
7.021497193585781815e+01,7.541817709077812992e+01,8.449926858546217545e+01
7.266201652817510137e+01,6.762233298259083369e+01,8.360351854720460096e+01
7.167478482125896733e+01,6.911616837889454246e+01,8.361791399941516545e+01
7.010684636046356388e+01,7.168400693322452355e+01,8.482267925913197359e+01
7.184379492020475766e+01,8.040267258268758610e+01,8.480988753777565137e+01
5.710589704083784568e+01,7.258463558764906054e+01,8.351800472197326997e+01
5.825820289173773858e+01,7.193039504995782352e+01,8.441623166908928511e+01
7.922455219116727676e+01,8.656191189748454917e+01,8.528681823991364297e+01
7.416266699499590231e+01,7.296300633146866232e+01,8.558405560306519533e+01
7.406399441589252319e+01,6.602789435415816399e+01,8.477284688269394053e+01
6.961118343498424110e+01,8.811011706403475330e+01,8.496495044962297527e+01
7.337940293805468173e+01,8.839490222844491996e+01,8.450805776262104985e+01
7.588106950139696494e+01,6.656055955307510885e+01,8.426240223791475614e+01
7.749588136248678438e+01,6.732094255846553210e+01,8.509330739672633115e+01
7.833686239568690723e+01,6.889437852960550401e+01,8.523710112636761949e+01
6.042381198413889365e+01,7.319137185100932186e+01,8.489620536171037202e+01
7.321923862543629014e+01,8.160579729184982511e+01,8.537387173312063737e+01
7.047346186596338669e+01,8.240098189723244104e+01,8.476771354832457916e+01
6.898066239735102556e+01,7.369939049351866345e+01,8.509361597824226919e+01
7.816752827091428912e+01,8.174448969839642132e+01,8.591816708897182764e+01
7.143433847697914985e+01,7.051988814812995088e+01,8.468728005150560989e+01
5.738893142973262940e+01,7.636942973793534861e+01,8.529418696944028966e+01
7.020480041387283165e+01,7.374508297181539263e+01,8.542213997045080021e+01
7.302547739678072958e+01,6.652889231571037953e+01,8.495488378831416298e+01
6.227443840997062807e+01,7.592797453281866638e+01,8.610882898662610785e+01
7.023970237290878060e+01,8.410505627656900174e+01,8.422921030806431020e+01
8.015395669377136301e+01,8.210590892078448633e+01,8.565067430395177439e+01
7.203454684151239462e+01,8.241839620474198114e+01,8.519557415019849600e+01
7.703070745943597331e+01,8.519072058529340552e+01,8.539746082714577824e+01
5.920369052598338300e+01,7.205206328109397873e+01,8.443424250729410119e+01
7.631955418756537313e+01,6.658824107834655592e+01,8.546066072994514684e+01
8.101558010033281221e+01,8.674670881215187990e+01,8.535172635981743383e+01
7.015149268965059548e+01,8.594536977473725869e+01,8.477246325756618717e+01
7.183971920987472970e+01,6.957579336636851508e+01,8.490100443825616594e+01
7.182428786144110688e+01,9.199530271341788534e+01,8.548029380333201743e+01
7.316018826204575021e+01,9.080113554225101780e+01,8.568942942471993263e+01
7.235496085142865752e+01,6.802986184154265459e+01,8.560030112034930028e+01
7.447709902303918739e+01,8.382589330198896960e+01,8.495502518228417443e+01
7.524657850088252076e+01,8.367753950259479723e+01,8.600391177374261531e+01
5.715570052140991919e+01,7.213866957577219807e+01,8.609112867555218429e+01
5.648182916232465800e+01,7.522082722785891917e+01,8.539424342352724295e+01
7.301171014783362523e+01,8.682910422525364424e+01,8.482496478629613534e+01
6.203393019574584599e+01,7.478594649877381073e+01,8.557287143425837428e+01
5.646821886147721159e+01,7.319605971722712923e+01,8.477918234811762943e+01
7.147561700348795455e+01,7.286655905045643067e+01,8.561623714942329855e+01
6.210890890185261526e+01,7.676581612829845369e+01,8.578775502711879142e+01
7.491639955551320895e+01,6.581365523883471269e+01,8.547287976368015450e+01
7.007289442482084496e+01,7.286547050218594279e+01,8.549605646580445750e+01
7.774446045496047475e+01,8.569469717683193721e+01,8.583989057646003573e+01
7.044309850650351734e+01,9.177273205581413151e+01,8.669973551772282860e+01
8.381866131772983408e+01,8.523541247980433866e+01,8.713012777572008360e+01
6.132927378301254606e+01,7.734311743500039427e+01,8.535001934096922582e+01
7.257828712787134862e+01,9.189602584230203774e+01,8.633895956551936024e+01
7.180980554706204089e+01,8.400767137920267658e+01,8.450656769111779454e+01
7.083152992882180854e+01,8.558248617393330449e+01,8.501648776562650767e+01
8.306604325151336354e+01,8.653354258778932717e+01,8.699551093023450221e+01
7.298845976827330162e+01,8.317142490308607705e+01,8.542618825085864387e+01
7.225674373123645466e+01,8.508181511740454539e+01,8.452634795029356951e+01
7.376346151518264094e+01,6.521919395342219161e+01,8.632962246278714247e+01
7.294710561148596639e+01,6.563471029989790395e+01,8.640828636360950554e+01
6.056132845572288659e+01,7.385587227840885305e+01,8.698091052356100761e+01
7.795141936711758035e+01,6.971225626601778913e+01,8.671543686165964004e+01
8.076087150946474935e+01,8.719795270485855099e+01,8.745302781397919034e+01
6.978947374963277639e+01,8.789179636728169953e+01,8.636336301025498585e+01
7.664309237796470597e+01,8.193980168936764130e+01,8.703388224617070534e+01
7.157593699046793745e+01,8.591028026881848234e+01,8.526717387688803740e+01
7.124890391323502570e+01,7.206565656885456406e+01,8.548143465913690875e+01
7.216195031153174000e+01,7.133251533320706983e+01,8.583208687735415765e+01
7.125973620659264895e+01,9.223216238488156193e+01,8.660688828900873659e+01
8.157322942088690354e+01,8.264919233462211423e+01,8.672112164882112495e+01
7.316681376788949365e+01,8.954567665768215079e+01,8.634109181546004663e+01
8.342695620248066746e+01,8.385432466734489765e+01,8.707020951241636908e+01
5.919307238746907984e+01,7.702203329808732235e+01,8.584162881100299103e+01
7.816890729940584492e+01,6.857765758373149367e+01,8.749081561945129693e+01
7.421743664053374800e+01,7.232079868141187262e+01,8.652493772743115130e+01
7.274801748742940788e+01,7.210339728320097663e+01,8.621923619095360891e+01
7.382148593380156854e+01,8.222544152099071368e+01,8.657004845153133488e+01
7.490294152917174131e+01,8.316445839796450912e+01,8.721272936511358864e+01
7.407301720641379461e+01,8.257656809243071905e+01,8.742028421822462292e+01
7.246823342940780321e+01,6.656593486336794285e+01,8.663796624544210090e+01
7.992233604670875025e+01,8.707406737963883359e+01,8.817448417642674485e+01
7.603622674185501751e+01,8.394528587519182850e+01,8.707690957090058248e+01
6.155556757233038923e+01,7.517838792961009631e+01,8.668264598122595999e+01
7.048094455093746546e+01,8.742617752718298618e+01,8.696844647405751516e+01
7.014420294295067038e+01,8.899995914771730554e+01,8.716683121137425871e+01
7.548246041692836172e+01,8.211417187033217147e+01,8.738511499393202087e+01
7.833233895160847737e+01,8.630301951786314874e+01,8.897052807056417123e+01
7.609851377741640022e+01,7.086587139463711082e+01,8.721839429415533118e+01
6.044879267290864533e+01,7.679311777020753027e+01,8.664601487513671429e+01
7.296928944953802443e+01,9.120963856798168479e+01,8.787498580103412849e+01
5.609302519044950941e+01,7.401705900153854145e+01,8.694579690179546105e+01
7.192198477768364739e+01,9.220699837965230472e+01,8.839673526250039970e+01
7.997827240063027432e+01,8.228660793806176343e+01,8.782082869412049320e+01
7.623928596040285299e+01,6.639343114352854514e+01,8.742187740499093707e+01
7.191195880464253776e+01,8.762519820651885993e+01,8.710211120203477719e+01
7.725701643041017519e+01,6.725635456747029650e+01,8.694104092899581815e+01
7.779659724223414230e+01,6.790546830947661761e+01,8.704470995605483097e+01
8.302144732743792588e+01,8.291692035015981332e+01,8.764789262451294860e+01
7.242183358444512464e+01,8.871320648051157320e+01,8.746766031873634972e+01
7.008278506646092865e+01,9.095374948730869846e+01,8.808147281122687389e+01
7.247131981476407248e+01,6.772897546172573868e+01,8.732571549101609776e+01
5.660783006659516303e+01,7.277334814946759423e+01,8.684948955039443774e+01
7.273217415878825420e+01,6.967407317274350476e+01,8.726697016383336347e+01
5.880042378995244690e+01,7.202790626383605854e+01,8.702447374827522708e+01
7.292081443468914870e+01,7.127386931176042140e+01,8.706432300321586126e+01
7.722994494861387693e+01,7.001296344809487948e+01,8.804566795042185845e+01
7.735700452612536537e+01,8.533205916384306988e+01,8.827268325988067943e+01
6.103173643468361576e+01,7.593225046947333112e+01,8.704161283814700312e+01
7.501935061478054934e+01,6.523587300004435008e+01,8.775021955932824369e+01
7.492215493796928172e+01,7.091482457529919259e+01,8.807369085688678467e+01
8.222066956154891670e+01,8.716426607294874884e+01,8.760534811081039663e+01
7.369766221465590661e+01,7.108643749142562740e+01,8.801282162121734132e+01
7.060034927087252754e+01,9.214635304914517633e+01,8.829522117403644188e+01
8.389202527314608915e+01,8.636294497836128414e+01,8.841973175267840190e+01
7.676721320938828796e+01,8.413633794541392774e+01,8.801866267657271692e+01
5.978049299700394670e+01,7.287112354882408738e+01,8.775113408807722237e+01
7.272020153106487328e+01,9.054590455525735138e+01,8.929628998570838405e+01
7.628208215962661143e+01,8.250066980252258020e+01,8.767042966233037760e+01
7.786132465136752501e+01,8.239628719407066626e+01,8.804230458718321017e+01
5.764467027865904925e+01,7.733398628704155442e+01,8.787725112508320535e+01
5.630005162687095321e+01,7.548495327061230853e+01,8.782902048238472048e+01
7.808405910985140963e+01,6.915156418809698380e+01,8.796210319523110854e+01
8.256981670872517043e+01,8.257713071969185137e+01,8.839685609991643389e+01
7.408916939604431207e+01,6.471422876757721099e+01,8.877666128203082963e+01
7.223814484267798264e+01,6.644502331548653729e+01,8.911647625733525047e+01
7.286633365618567382e+01,6.535154733048678111e+01,8.833102982440884432e+01
7.780711619885224195e+01,6.921375592664911380e+01,8.931635723063358512e+01
7.626705421433499055e+01,7.015282858220093942e+01,8.951051726862002056e+01
7.298783978907711401e+01,6.896858678180336710e+01,8.907326006388792905e+01
7.117877098879499442e+01,8.909837771103065052e+01,8.851398446530573949e+01
8.178900362659295808e+01,8.238542252124797471e+01,8.881943981604173644e+01
5.887296144855205426e+01,7.731223371286630197e+01,8.773510122835590153e+01
5.971778937389613162e+01,7.667334508155269646e+01,8.846352137241061087e+01
6.041282252601020986e+01,7.582072233715298637e+01,8.824961918298643582e+01
5.737415251317010956e+01,7.238617021642753002e+01,8.811934385145335114e+01
7.778251735077189721e+01,6.767807484888243152e+01,8.907536439100472592e+01
5.640121572944116934e+01,7.386717262844477716e+01,8.864541137336334486e+01
8.386021821686368583e+01,8.347527647176026733e+01,8.834948581861985417e+01
6.059875847589805886e+01,7.486463285225278241e+01,8.799648876737235526e+01
7.627855183674284945e+01,8.325710288992020480e+01,8.773658170729298433e+01
8.433428073598797425e+01,8.517221574939134143e+01,8.879047245743787187e+01
7.702664836908623158e+01,8.317508427975188567e+01,8.846931330950428674e+01
5.698724517952713597e+01,7.709334595846188165e+01,8.845953781179071029e+01
7.417159360231914889e+01,7.061140470797592172e+01,8.877271687698410574e+01
8.189933171372035758e+01,8.748264710508875908e+01,8.975778970038780358e+01
7.340638155093999728e+01,6.992042179599417295e+01,8.888814245709724560e+01
8.347791508677742911e+01,8.688955366834750293e+01,8.885324243200220451e+01
7.029234775906790844e+01,9.118795065750920514e+01,8.964691665903332307e+01
7.805461476206647831e+01,6.855029210556344310e+01,8.944614767477064277e+01
7.247236666034504537e+01,9.150017510130118126e+01,8.949007522564888006e+01
5.673698379502817346e+01,7.327903908921631171e+01,8.898016802240698553e+01
5.847466456068751484e+01,7.235277581137701475e+01,8.881002831462788549e+01
8.436276647904911385e+01,8.468309495453073055e+01,9.006061759596862260e+01
5.926938665680154372e+01,7.287956596527476449e+01,8.959280823738706090e+01
5.628764526084695063e+01,7.651342164632539777e+01,8.992491557202149011e+01
7.113303047226683873e+01,9.221808350449367708e+01,8.945010415382448343e+01
8.079211411715432689e+01,8.251468788009168520e+01,8.965400811871960229e+01
7.045462565587136794e+01,9.008406456713821342e+01,8.906656743127834375e+01
8.271129328759442956e+01,8.740294504189466807e+01,8.998782879391431777e+01
7.626791582636774081e+01,6.629670749972648025e+01,8.953918835500371642e+01
5.986520555732090543e+01,7.369526514671525774e+01,8.949106824290063855e+01
8.382660198363994652e+01,8.366438266341805274e+01,9.004305416950342078e+01
7.811849417482592628e+01,8.383168680310349430e+01,9.044567755096157669e+01
7.794238421047079157e+01,6.790532648463170062e+01,9.092310455911888312e+01
7.180324969794969547e+01,9.011791033712002275e+01,8.999648932255394129e+01
7.117094071471143479e+01,9.146992575283213966e+01,9.055630062991600937e+01
7.533718263854856900e+01,7.028582641889967420e+01,8.999889673043226423e+01
7.327838058124454790e+01,6.487558626482328350e+01,9.065704866773769766e+01
7.753869436079961019e+01,8.486425036340693850e+01,8.975097146905575585e+01
7.091521290794875654e+01,9.028144115751887000e+01,9.021638951442115228e+01
7.624821761989649360e+01,6.635541519086945073e+01,9.120678643945028341e+01
7.714757446507024952e+01,6.957450662608952996e+01,9.096297028193872336e+01
5.847089290514397675e+01,7.753356770856730407e+01,8.944264747827440942e+01
7.247780465082321655e+01,6.586733645708898166e+01,9.044856830562086714e+01
7.459006538745803994e+01,7.009529620505016112e+01,9.029265144639435903e+01
5.756347403198660118e+01,7.276030875680483234e+01,8.955174873092109067e+01
7.512731339788004448e+01,6.476984032541196257e+01,8.989626063952532320e+01
7.547922479641466964e+01,6.507568137326686042e+01,9.075824029839699847e+01
8.089069463395766491e+01,8.739701721910974186e+01,9.070072682077784521e+01
8.436460969761799333e+01,8.583392471712268446e+01,9.063086190256589703e+01
8.254040481012303587e+01,8.274480403510480642e+01,9.055055146955812972e+01
5.750243598872355477e+01,7.751322827294541185e+01,9.132551828318803189e+01
7.242302241881989744e+01,6.663277793745879762e+01,9.152673338224931854e+01
7.555145575785648759e+01,6.988701522917669706e+01,9.178854434351620739e+01
5.993345607275833942e+01,7.543665891123701783e+01,9.050386798850134085e+01
5.975655446226107159e+01,7.628536906083327551e+01,9.046166448218488654e+01
5.819753734390744881e+01,7.317246404841955609e+01,9.058024475644390350e+01
7.962331112706429792e+01,8.311543221958262961e+01,9.061133900260330165e+01
7.366712644262699428e+01,6.932609050761531932e+01,9.106816883643931249e+01
8.373734019037058829e+01,8.684331897509702003e+01,9.137293707114913843e+01
5.894442848934760093e+01,7.723734648178405848e+01,9.135209017347129645e+01
7.398211608614762724e+01,6.461789714799904516e+01,9.178660133907170859e+01
5.664439009247971768e+01,7.697222832168336026e+01,9.181653050819228667e+01
5.638635431756463845e+01,7.537128621135705941e+01,9.070497848651194772e+01
7.834163301856612804e+01,8.539548675130252775e+01,9.079537733746295203e+01
7.910641645844192738e+01,8.645946565282442009e+01,9.073928405307609069e+01
5.726454616983237145e+01,7.423337319451545113e+01,9.136796831265723995e+01
7.802671599000598235e+01,6.881658396807414135e+01,9.174051153148624849e+01
7.474497048242933772e+01,6.952129960169919798e+01,9.253371290819121953e+01
7.837598258494703884e+01,8.477484085665476243e+01,9.123314295902621041e+01
8.193168813486418856e+01,8.270452665950334392e+01,9.187344902968008853e+01
8.340204415645717972e+01,8.712845393808309780e+01,9.338110529137347271e+01
7.497032166655840513e+01,6.484929001689694417e+01,9.224059696971568201e+01
7.548519099774725305e+01,6.526625401673875615e+01,9.207132869484809135e+01
5.668270726745139854e+01,7.600233932554905891e+01,9.270467819267032894e+01
7.297314538303493237e+01,6.577653144712787991e+01,9.235543189650367424e+01
7.379546348940002076e+01,6.873816460851429611e+01,9.224882218623191932e+01
8.311223412833787449e+01,8.297746414040922502e+01,9.181362848318639180e+01
7.649724340273083101e+01,6.961220180918111566e+01,9.234101225577413175e+01
5.811282918547403398e+01,7.733031160819629690e+01,9.281308420926887948e+01
5.919600535589970747e+01,7.631577522908854405e+01,9.360819590537653312e+01
7.891207993451732250e+01,8.415938130111412363e+01,9.177225731613215487e+01
7.769225723786033200e+01,6.820920303332992773e+01,9.300749340323447711e+01
7.906410439381669164e+01,8.579265319803275247e+01,9.266157589467280786e+01
5.943953660988373855e+01,7.514800685521980483e+01,9.232599783796837301e+01
7.733463425285152937e+01,6.917512063734520211e+01,9.279023466573791268e+01
8.204214674090853521e+01,8.757858439100331793e+01,9.332092707059678105e+01
7.928407264208635752e+01,8.364305327390029277e+01,9.160412806863139679e+01
8.436446104307931648e+01,8.623205541177661360e+01,9.270341595865366457e+01
5.800422952982485469e+01,7.419349175553786324e+01,9.193938174063916335e+01
8.426405351884025663e+01,8.392984037475271464e+01,9.375763334633120394e+01
7.382182774672718040e+01,6.489156747086451560e+01,9.240932531546035023e+01
8.461535921091069667e+01,8.520871733792623104e+01,9.326582725499299897e+01
5.878718007073993590e+01,7.443270526079957961e+01,9.220376271479442210e+01
7.592476629266529642e+01,6.702345143350275691e+01,9.258800749916649409e+01
7.349089204381198215e+01,6.655726635442313466e+01,9.337015158705754914e+01
7.891552997146510506e+01,8.503310600878104708e+01,9.269787672997033212e+01
8.119863596738707656e+01,8.288699412245451015e+01,9.306859380599455278e+01
7.535390126382905862e+01,6.900798136739763322e+01,9.332578800066501401e+01
7.971579725944594941e+01,8.668531848623717906e+01,9.360375113091524213e+01
7.516543387827479705e+01,6.591034730437645806e+01,9.344384736144411363e+01
5.908134025806317879e+01,7.687557904422374122e+01,9.279557895463950956e+01
5.798817342164081623e+01,7.514317404122358823e+01,9.400344705347089302e+01
5.718888695764530183e+01,7.683922092914464486e+01,9.391377138953095027e+01
7.657089335276032216e+01,6.879424293436791515e+01,9.349309950633548283e+01
7.611201880111579499e+01,6.799038470854908667e+01,9.343601283554231429e+01
8.082824330738995400e+01,8.732385692598647609e+01,9.503659196085276051e+01
7.388907760686761605e+01,6.548234564165066729e+01,9.340330581895273099e+01
5.829961023555137700e+01,7.670889814334680068e+01,9.435575940404947914e+01
5.691870247511203473e+01,7.580567515084990760e+01,9.347618474270105082e+01
7.477234114425554878e+01,6.543615924827155084e+01,9.345838229794158281e+01
5.911133796286874542e+01,7.511703474433628003e+01,9.351360413907620739e+01
7.956496220336109104e+01,8.427102222229186168e+01,9.432609950365593932e+01
7.579114437166109042e+01,6.860110499076273527e+01,9.364392821495616204e+01
7.446519445235210810e+01,6.762494019365435349e+01,9.319436629318282428e+01
8.187173107415667062e+01,8.746281499589065334e+01,9.545852812434418411e+01
7.507909488007980769e+01,6.742824822685412300e+01,9.320433323715347740e+01
7.922840061719041671e+01,8.514489334699560175e+01,9.431875670670419254e+01
8.068882348120484949e+01,8.355191081913000062e+01,9.517925829100762769e+01
7.444860702443061484e+01,6.635489561019323901e+01,9.366768974490092603e+01
5.863937330733241993e+01,7.542836048454674369e+01,9.410804596423388091e+01
8.339483359928451023e+01,8.335777380058557640e+01,9.477753124878401536e+01
5.785705601795690711e+01,7.614871351454482351e+01,9.486844440202403916e+01
8.399036641435921524e+01,8.609998278784421188e+01,9.556011947361690773e+01
7.940641575635383731e+01,8.595653723609497376e+01,9.457648492411327368e+01
8.210495761846475204e+01,8.312460654431313856e+01,9.497167030871288773e+01
8.427060357376132060e+01,8.512642580085577038e+01,9.571249972691313701e+01
8.027606943750238599e+01,8.666861486514622470e+01,9.660295692410485913e+01
8.117141006811763759e+01,8.727517115785393287e+01,9.651264048524794248e+01
8.272004809870723818e+01,8.708000747776657136e+01,9.662317421202710932e+01
8.316034860465929057e+01,8.663269313280336803e+01,9.707200401293459890e+01
8.382041730905865506e+01,8.394630307908889222e+01,9.585308993180116488e+01
8.310811001604301396e+01,8.353593139607737328e+01,9.584420153865235648e+01
7.971538898592115174e+01,8.579757047050094343e+01,9.634906801193314152e+01
8.150652969605320664e+01,8.416657040462906991e+01,9.806293239407904139e+01
8.263817505627467597e+01,8.409475499890838535e+01,9.800534746530958330e+01
8.029622355716381321e+01,8.469841275568916217e+01,9.707183742164612283e+01
8.193145915263211521e+01,8.702230772650568724e+01,9.753409471131770658e+01
8.346165717288566555e+01,8.476382991933050448e+01,9.785582491774451341e+01
8.355845756130999291e+01,8.557594606939166226e+01,9.801490302506918795e+01
8.043820350303847988e+01,8.593231571318051465e+01,9.803439470268423861e+01
8.066744626732788959e+01,8.501089833219118930e+01,9.840982375591083553e+01
8.230541476637797871e+01,8.649093042791680830e+01,9.879814029751648263e+01
8.130602503060440256e+01,8.653524181375406954e+01,9.874384030201954943e+01
8.185658118503516789e+01,8.459026756575549655e+01,9.970288474062819262e+01
8.122144640790226333e+01,8.574270323342892652e+01,9.938329875551532666e+01
8.311937346765053292e+01,8.489338103755733300e+01,9.971067884606321741e+01
8.285889017168803150e+01,8.576241392804158181e+01,9.990329779765527007e+01
8.232908814723491275e+01,8.590314334566669174e+01,1.000831633475876146e+02
8.225540007267331077e+01,8.529571390270110953e+01,1.005055810073390319e+02
