1,2,3
4,5,6
4,6,7
8,9,1
3,8,1
4,3,5
10,4,7
11,12,13
12,11,14
3,15,5
11,13,16
9,8,17
8,3,18
15,2,19
20,11,21
21,11,16
20,14,11
15,3,2
2,1,22
10,18,3
18,17,8
13,23,24
3,4,10
13,24,22
10,7,25
22,1,9
26,15,19
23,13,12
16,13,22
15,27,5
17,28,9
9,28,16
14,29,30
31,10,25
7,6,32
27,15,26
30,12,14
6,33,34
6,34,32
5,27,33
5,33,6
10,35,18
36,14,20
28,37,21
29,14,36
19,38,26
33,39,34
37,28,40
16,28,21
40,28,17
25,7,41
16,22,9
18,35,42
31,35,10
27,43,33
32,34,41
44,17,18
34,39,45
23,12,30
41,7,32
46,47,48
40,17,44
46,48,49
50,37,40
38,19,51
44,18,42
19,2,52
53,47,46
41,34,45
43,27,26
54,26,38
23,30,55
56,40,44
26,57,43
30,29,58
52,2,22
52,22,24
53,46,59
20,21,60
37,50,61
50,40,56
44,62,56
63,46,49
51,19,52
44,42,62
64,39,33
54,57,26
43,64,33
61,21,37
21,61,60
47,53,65
25,41,66
36,20,60
36,60,67
39,64,68
48,47,69
48,69,70
56,62,71
23,72,24
38,73,54
52,24,74
49,48,75
64,43,57
63,76,59
72,23,55
64,57,77
38,51,49
49,73,38
55,30,58
55,58,78
64,77,68
77,57,79
59,80,53
59,46,63
74,51,52
81,41,45
54,73,82
35,31,83
63,49,76
69,47,84
50,56,85
50,85,61
65,86,47
47,86,84
45,39,68
75,48,70
72,55,78
72,74,24
73,49,75
73,75,87
73,87,82
88,29,36
56,71,89
90,70,69
42,35,83
42,83,91
81,45,92
62,91,93
54,94,79
51,74,95
51,95,49
76,49,95
77,79,96
65,53,80
41,81,66
71,62,93
70,90,97
42,91,62
80,98,65
79,99,96
61,85,100
79,57,54
75,70,97
85,56,89
85,89,101
25,102,31
25,103,102
59,76,104
93,91,105
93,105,106
78,58,107
66,103,25
74,72,108
71,93,89
94,54,82
107,58,29
95,74,108
76,95,104
31,102,83
80,59,104
68,77,109
29,88,110
102,91,83
77,96,109
79,94,99
108,72,78
92,45,68
66,81,111
68,112,92
75,113,87
86,65,98
89,93,114
108,78,115
88,36,67
107,29,110
94,82,116
95,108,117
68,109,112
78,107,115
105,91,118
92,112,119
82,87,116
113,75,97
81,92,120
86,121,84
69,84,122
123,60,61
100,85,101
99,124,125
91,102,118
94,116,99
114,93,106
103,66,126
105,127,106
92,119,120
128,106,127
127,129,128
128,129,130
116,87,113
96,99,125
111,126,66
90,69,122
131,132,80
80,104,131
100,123,61
100,101,133
110,88,134
129,127,135
117,108,115
114,106,136
102,103,137
106,128,136
111,81,120
111,120,138
116,124,99
105,118,139
117,104,95
67,60,123
121,86,98
121,122,84
67,134,88
107,110,134
107,134,140
136,128,130
109,96,141
124,116,142
127,105,139
141,96,125
141,143,109
144,97,90
97,144,113
138,126,111
129,145,130
134,67,146
98,80,132
133,123,100
133,101,147
101,89,147
89,114,148
114,149,148
109,143,112
141,125,150
141,150,151
145,129,135
135,127,152
114,136,149
67,123,153
154,103,126
131,104,117
131,117,155
107,140,115
133,147,156
147,89,157
127,139,152
158,142,116
119,112,159
120,119,160
116,113,158
112,143,161
118,162,139
136,130,149
153,123,163
162,102,137
162,118,102
156,147,164
156,164,165
164,147,157
157,89,148
124,166,125
140,134,167
143,168,161
138,120,160
143,141,168
158,113,144
112,169,159
150,125,166
146,67,170
161,169,112
122,121,171
170,67,153
90,122,172
121,98,171
140,173,115
130,145,174
163,133,156
163,123,133
144,90,172
151,150,175
141,151,168
160,119,159
167,134,146
166,124,142
155,117,115
154,137,103
176,148,149
132,131,155
98,132,177
174,145,178
155,177,132
145,135,179
173,140,167
177,171,98
177,180,171
175,150,166
138,160,181
169,161,182
169,182,183
157,184,164
153,163,185
139,162,152
184,157,148
171,172,122
137,186,162
172,171,187
149,130,174
145,179,178
152,179,135
172,188,144
158,144,189
159,190,191
159,191,160
159,169,190
182,161,168
167,146,192
167,193,173
170,153,192
194,166,142
192,146,170
195,194,142
196,151,175
155,173,197
179,152,198
163,156,165
154,126,199
155,115,173
162,198,152
169,183,190
175,166,194
168,151,200
174,201,149
196,175,202
158,195,142
197,180,177
168,200,182
158,189,203
192,193,167
177,155,197
183,204,190
137,154,205
199,126,138
173,206,197
171,180,187
207,172,187
200,151,196
158,203,195
195,203,208
201,174,178
175,194,209
202,210,196
180,197,211
192,153,185
148,176,184
189,144,188
185,163,212
165,212,163
164,213,165
191,214,160
210,200,196
190,215,191
188,172,207
188,207,216
217,178,179
202,175,218
205,154,219
202,220,210
176,149,201
184,213,164
185,221,192
180,211,187
211,197,206
198,217,179
206,173,222
206,223,211
206,224,223
207,223,216
181,160,214
183,182,200
225,198,162
203,189,226
215,227,214
200,210,228
201,178,217
187,223,207
206,222,224
214,191,215
225,217,198
193,222,173
199,138,181
193,192,229
187,211,223
176,201,230
176,230,184
201,217,231
183,200,228
194,195,208
194,208,232
225,162,186
225,186,233
210,220,234
215,190,204
215,204,235
225,231,217
236,188,216
229,222,193
189,188,236
201,231,230
220,202,218
208,203,237
216,223,224
234,220,238
234,238,239
240,175,209
209,194,232
236,216,241
230,231,242
225,233,242
225,242,231
236,226,189
229,192,221
221,185,212
240,218,175
241,216,224
241,224,243
199,244,219
181,214,245
234,228,210
246,247,248
242,233,249
242,249,250
215,235,251
218,240,252
204,183,253
234,239,254
208,237,232
219,154,199
242,255,230
252,238,220
220,218,252
228,234,254
247,246,256
247,257,248
244,181,245
227,215,251
186,137,205
186,205,258
259,184,230
226,260,203
244,199,181
237,203,260
261,165,213
224,222,243
213,184,259
213,259,262
254,263,228
253,228,264
253,183,228
255,259,230
245,214,227
235,204,253
265,246,248
266,247,267
266,257,247
247,256,267
255,242,250
261,212,165
261,213,262
229,268,222
233,269,249
222,268,270
222,270,243
240,271,252
272,256,246
261,273,212
248,257,274
272,246,265
272,265,275
265,248,274
209,232,271
253,276,235
258,233,186
237,256,232
251,235,277
257,266,278
257,278,279
239,238,280
261,262,281
282,232,256
264,228,263
271,232,282
253,264,276
263,254,239
262,259,255
227,251,283
271,240,209
245,227,284
249,269,250
256,272,282
282,272,285
205,219,258
245,286,244
236,241,287
268,229,288
221,212,273
277,289,251
290,238,252
277,235,276
273,261,281
219,244,291
270,268,292
293,260,294
221,288,229
226,236,287
286,291,244
243,270,295
284,286,245
267,256,237
280,296,239
297,265,274
297,275,265
271,290,252
262,255,281
263,239,296
294,260,226
296,298,263
299,266,267
299,278,266
267,237,299
238,290,280
250,269,300
264,263,298
275,285,272
288,221,273
250,281,255
284,227,283
283,251,289
241,295,287
297,274,301
274,257,279
274,279,301
258,302,233
269,233,302
294,226,287
294,303,304
270,305,295
241,243,295
271,306,307
273,281,308
306,271,282
237,260,293
299,309,278
281,250,300
294,304,293
285,306,282
293,299,237
291,258,219
297,310,275
303,294,287
286,284,311
284,283,311
264,298,312
277,313,289
276,264,314
264,312,314
300,269,315
316,288,273
316,273,308
269,317,315
302,317,269
277,276,313
310,297,301
295,318,303
292,319,270
293,304,309
307,290,271
299,293,309
289,313,320
308,281,321
280,290,322
301,279,323
324,268,288
303,287,295
278,309,325
321,281,300
307,326,327
307,327,290
315,321,300
313,276,328
321,329,308
285,307,306
285,275,330
279,278,325
303,318,331
292,268,324
318,295,305
296,280,332
324,288,333
298,296,334
305,270,319
321,315,335
304,303,336
283,289,320
316,333,288
308,337,316
302,258,338
323,279,325
339,324,333
338,258,291
285,330,307
311,340,286
302,338,317
313,328,341
336,309,304
312,342,314
317,343,335
331,318,344
322,290,327
322,327,345
337,308,329
291,286,340
330,275,310
310,301,323
310,323,346
340,311,347
334,348,298
315,317,335
318,305,349
320,313,341
350,325,309
317,338,343
338,351,343
336,303,352
348,312,298
346,330,310
338,291,353
354,283,320
325,355,323
318,356,344
323,355,357
323,357,346
330,326,307
319,349,305
322,332,280
332,322,358
352,303,331
336,352,359
356,318,349
336,360,309
328,276,314
328,314,361
332,362,334
353,351,338
320,363,364
292,324,339
319,292,365
316,337,366
325,350,355
320,341,363
311,283,354
358,322,345
352,331,367
335,368,321
352,369,359
342,370,314
326,371,327
331,344,367
326,330,371
358,345,372
366,333,316
296,332,334
291,340,353
334,373,348
354,320,364
354,364,374
375,330,346
342,312,348
366,339,333
375,371,330
376,292,339
377,359,369
367,369,352
346,357,378
327,371,379
360,359,380
335,343,381
370,361,314
337,329,382
370,342,383
359,377,380
359,360,336
345,327,379
365,292,376
347,311,354
353,340,384
341,328,361
329,321,368
371,375,385
335,381,368
349,386,356
387,343,351
375,346,378
375,378,388
375,388,389
385,375,389
381,343,387
377,369,390
351,353,391
350,309,360
365,349,319
392,369,367
340,347,384
381,387,393
362,332,358
345,394,372
361,395,341
387,351,391
366,337,382
378,357,396
390,369,392
341,395,363
360,380,397
345,379,394
395,361,398
347,354,374
350,360,397
355,350,396
398,361,399
362,358,372
362,372,400
380,401,402
390,403,404
399,361,370
398,399,405
370,383,406
385,407,371
362,400,408
392,409,410
362,411,334
393,387,391
401,380,377
379,371,407
383,342,412
383,412,413
403,390,392
367,344,414
394,379,407
412,342,348
412,348,415
392,367,409
399,370,406
395,398,416
382,329,368
391,353,384
372,417,400
373,334,411
411,418,373
419,349,365
419,365,420
386,349,419
386,419,421
396,357,355
390,401,377
396,388,378
368,381,422
398,405,423
394,417,372
402,397,380
381,424,422
395,416,425
383,413,406
344,426,414
404,403,427
389,428,429
410,403,392
409,367,414
425,363,395
405,399,430
405,430,431
362,408,411
339,366,376
428,389,388
401,390,404
388,396,432
429,433,389
356,386,426
356,426,344
434,396,350
435,429,428
407,385,436
416,398,423
430,399,406
433,437,389
368,422,438
382,368,438
376,366,439
432,428,388
432,435,428
440,363,425
438,441,382
393,391,442
393,442,424
366,382,441
366,441,439
429,443,444
429,435,443
405,445,423
391,384,442
397,402,446
437,385,389
434,350,397
434,397,447
432,396,434
413,412,448
381,393,424
384,347,374
364,363,440
415,348,373
419,420,421
447,449,434
444,433,429
430,406,413
435,450,451
435,432,450
420,365,376
420,376,452
412,415,448
433,453,437
404,402,401
416,423,454
386,421,455
374,364,456
374,457,384
411,408,418
409,414,458
441,422,459
420,452,421
437,453,460
437,460,385
435,451,443
422,441,438
394,436,461
425,416,454
439,441,462
444,463,433
452,376,439
457,442,384
464,454,423
400,417,465
402,404,466
460,436,385
446,447,397
436,394,407
444,443,467
445,405,431
468,413,448
468,430,413
408,400,469
415,373,470
386,455,471
426,386,471
466,404,472
434,449,450
450,432,434
466,446,402
464,423,445
424,473,422
445,431,474
443,475,467
457,374,456
364,440,476
424,442,477
460,453,478
468,448,479
394,461,417
457,456,480
466,481,446
431,430,482
439,462,483
414,426,484
463,453,433
463,485,453
455,421,452
415,470,486
427,472,404
456,364,476
445,474,487
461,436,488
451,450,489
462,441,459
452,439,483
443,451,475
447,490,449
490,446,491
410,409,458
458,414,484
440,492,476
373,418,470
472,427,493
454,464,494
490,495,449
496,497,498
473,459,422
484,426,471
446,490,447
499,485,463
498,497,500
501,462,459
472,502,503
476,504,456
473,424,477
450,449,489
469,400,465
505,500,497
482,430,468
503,466,472
455,452,506
466,507,508
498,500,509
497,496,431
498,509,510
427,403,493
418,408,469
511,470,418
492,440,425
436,460,488
486,448,415
464,445,487
473,501,459
452,483,506
471,455,512
457,480,513
477,442,513
505,497,431
505,431,482
514,490,491
455,506,512
495,490,514
431,496,515
515,474,431
475,451,516
495,489,449
517,483,462
517,518,483
502,472,493
487,494,464
510,496,498
457,513,442
491,446,481
473,477,519
500,505,520
509,521,510
485,478,453
487,474,522
425,454,492
454,494,523
448,486,524
489,525,451
525,489,526
507,466,503
517,462,501
517,501,527
528,517,527
529,469,465
519,501,473
480,456,530
519,531,532
501,519,527
531,519,477
520,505,533
451,534,516
508,481,466
500,535,509
491,481,536
458,484,537
467,463,444
504,476,538
469,511,418
493,403,410
493,410,539
492,454,523
460,478,540
488,460,540
458,539,410
479,448,524
513,531,477
528,527,532
531,541,532
534,451,525
495,526,489
517,528,542
517,542,518
543,468,479
482,468,543
533,505,482
533,482,544
484,471,545
506,483,518
531,513,546
535,500,520
456,504,530
516,547,475
514,491,548
543,549,482
475,547,467
525,526,550
480,530,551
526,514,550
526,495,514
552,479,524
503,502,553
465,417,461
538,476,492
470,511,554
536,481,508
534,525,550
512,545,471
509,555,521
515,496,510
515,510,556
513,551,546
532,527,519
482,549,544
516,534,547
557,558,474
550,548,559
513,480,551
560,503,553
529,561,469
504,538,562
511,469,561
563,493,564
492,565,538
539,458,537
493,539,564
486,470,554
566,506,518
567,528,532
555,535,568
548,550,514
474,515,557
530,504,562
534,550,569
528,567,542
548,491,536
570,463,467
548,536,571
534,572,547
556,510,573
541,567,532
542,566,518
574,531,546
550,559,569
522,474,558
535,555,509
558,557,575
556,557,515
560,507,503
562,538,576
502,493,563
465,461,577
479,549,543
487,522,578
488,579,461
545,537,484
580,506,566
580,512,506
581,551,530
467,547,570
534,569,582
566,583,580
542,567,584
566,542,585
551,581,586
541,531,574
582,569,587
584,567,588
567,541,588
557,589,575
533,544,590
536,508,591
570,547,592
582,572,534
551,586,546
573,510,521
553,502,563
520,533,593
538,565,576
577,461,579
539,537,594
511,561,595
494,487,578
585,542,584
585,584,596
592,547,572
546,586,574
570,592,597
570,597,463
512,598,545
554,511,595
588,599,584
586,600,574
507,591,508
591,507,560
571,536,591
540,579,488
593,601,520
549,479,552
499,602,603
603,485,499
535,520,601
565,492,523
485,603,478
486,604,524
573,521,605
574,606,588
582,607,572
586,581,600
566,585,583
562,581,530
572,608,592
580,609,598
559,548,610
584,599,611
597,592,612
597,499,463
589,557,556
568,535,601
556,573,613
573,605,613
523,494,614
524,615,552
616,560,553
553,617,616
559,587,569
583,585,596
583,596,618
608,572,607
562,619,581
596,584,611
588,541,574
608,612,592
612,608,620
598,512,580
587,621,622
591,560,616
558,575,522
548,571,610
571,591,623
622,582,587
579,540,624
625,575,589
579,624,626
552,615,627
602,499,597
529,465,577
478,624,540
601,593,628
590,593,533
494,578,614
598,537,545
600,606,574
576,565,629
623,591,616
561,529,630
611,599,631
619,600,581
619,562,576
622,607,582
576,629,632
576,632,619
589,556,613
633,486,554
633,554,595
564,539,594
552,627,634
605,521,555
605,555,635
549,552,634
565,523,636
565,636,629
537,637,594
599,588,606
553,563,617
598,637,537
600,638,606
599,639,640
607,622,641
619,642,600
610,571,623
609,580,583
609,583,618
610,643,559
563,564,644
618,596,611
578,522,625
625,522,575
645,595,561
593,590,628
602,597,646
604,486,633
577,579,647
606,639,599
638,600,642
638,642,648
637,598,649
612,650,646
607,651,608
623,616,652
653,642,619
653,619,654
650,612,620
598,609,655
648,642,653
630,529,577
603,624,478
524,604,615
564,594,656
561,630,645
629,636,657
555,568,635
614,636,523
658,589,613
659,605,635
618,611,631
646,597,612
620,608,651
632,660,619
617,563,644
638,639,606
654,661,653
662,587,559
632,629,660
564,656,663
564,663,644
609,618,655
623,664,610
665,640,639
626,647,579
604,666,615
645,667,595
616,617,652
643,662,559
549,590,544
613,605,659
602,668,603
590,549,634
638,669,639
620,651,670
641,670,651
651,607,641
621,587,671
672,623,652
622,621,673
623,672,674
660,654,619
673,641,622
666,604,633
648,669,638
653,669,648
669,675,639
650,620,676
599,640,631
623,674,664
661,654,677
656,594,637
610,664,643
615,666,678
634,627,679
624,603,668
634,680,590
645,630,681
682,636,614
601,628,683
667,684,595
568,601,685
682,686,687
578,682,614
578,686,682
669,688,675
688,653,661
688,669,653
688,661,689
663,690,691
657,636,692
617,644,691
625,686,578
634,679,680
618,631,693
627,615,678
627,678,679
590,694,628
602,646,695
645,696,667
697,646,650
685,601,683
633,595,684
626,624,698
658,625,589
658,613,659
665,639,675
665,675,699
677,654,660
641,673,700
675,688,701
666,633,684
692,636,682
689,661,702
655,618,693
655,693,703
691,644,663
665,699,704
678,705,679
661,677,702
660,629,657
660,657,706
675,707,699
640,665,704
687,686,708
662,671,587
677,660,709
643,664,710
577,647,630
602,695,711
712,670,641
668,713,624
670,676,620
667,696,714
667,714,715
667,715,684
694,683,628
708,686,625
662,643,716
701,688,689
655,717,598
635,568,685
680,718,694
694,590,680
691,719,617
631,640,704
631,704,720
657,692,706
708,625,658
621,721,673
621,671,721
681,722,696
696,645,681
697,695,646
712,641,700
649,598,717
652,617,719
663,656,723
684,724,725
709,660,706
678,666,684
637,649,723
637,723,656
720,693,631
680,679,718
716,671,662
705,678,726
630,647,727
692,682,687
692,687,728
729,635,685
729,659,635
707,675,730
658,659,731
678,684,725
702,677,732
700,673,721
697,650,733
734,672,652
652,719,734
723,690,663
719,691,735
718,679,705
724,684,715
703,717,655
689,702,736
709,737,732
723,649,738
683,739,685
720,740,741
704,740,720
742,693,720
726,678,725
743,708,658
732,677,709
647,626,744
676,670,745
710,716,643
714,696,722
650,676,733
695,697,746
744,626,698
711,695,747
668,602,711
718,748,694
716,749,671
702,732,750
702,750,751
726,725,737
706,692,728
705,752,753
727,647,744
737,709,754
725,724,755
730,675,701
737,725,732
732,725,750
727,756,630
743,658,731
689,736,701
726,737,752
726,752,705
687,757,728
690,723,758
737,754,752
718,705,753
729,731,659
724,715,714
716,710,759
733,676,760
712,745,670
752,754,761
739,683,694
729,685,739
729,739,762
742,720,741
748,718,753
748,753,763
664,674,710
717,738,649
725,755,750
757,687,708
708,743,757
740,704,699
755,724,764
740,699,707
709,706,754
703,693,742
765,721,766
743,731,767
768,717,703
698,624,713
700,721,765
700,765,769
681,630,756
700,769,712
713,668,711
672,770,674
672,734,771
695,746,747
734,719,772
753,761,763
758,723,738
690,735,691
707,773,740
753,752,761
764,724,714
703,742,774
728,754,706
731,729,762
751,750,775
743,763,757
739,748,762
739,694,748
776,730,701
776,701,777
768,778,779
701,736,777
738,717,768
749,721,671
774,742,741
780,781,722
744,698,782
681,756,783
722,681,783
770,672,771
713,711,784
714,722,781
707,730,785
707,785,773
736,702,751
738,768,779
730,776,785
761,728,757
761,754,728
765,766,786
787,710,674
748,763,762
735,690,758
735,758,788
750,755,789
758,738,779
763,761,757
779,790,758
774,768,703
774,778,768
774,741,791
756,727,792
783,756,792
744,782,793
746,697,733
769,745,712
769,794,745
769,795,794
746,733,796
727,744,793
747,797,711
772,771,734
772,735,798
735,772,719
741,740,773
741,773,791
766,721,749
763,743,767
751,799,736
778,790,779
799,751,775
762,763,767
762,767,731
749,716,759
777,800,776
769,765,786
801,735,788
775,750,789
790,778,802
745,760,676
760,745,803
787,674,770
722,783,780
710,787,759
796,733,760
698,713,782
764,714,781
764,781,804
764,804,755
801,798,735
797,784,711
797,805,784
785,806,773
773,807,791
808,778,774
808,802,778
800,777,809
788,758,790
791,808,774
810,785,776
777,736,811
808,791,807
812,713,784
807,813,808
808,813,802
776,800,810
795,814,794
803,794,815
803,745,794
782,713,812
747,746,816
804,789,755
790,802,817
784,818,812
746,796,816
806,807,773
784,805,819
784,819,818
788,790,820
806,785,810
727,793,821
792,727,821
747,805,797
747,816,805
822,823,824
822,802,813
825,813,807
823,822,825
826,827,828
823,826,828
802,822,824
788,820,801
813,825,822
807,829,825
815,794,814
782,812,830
827,831,828
832,793,782
807,806,829
826,823,833
811,809,777
780,834,781
770,771,835
792,836,783
780,783,836
837,771,772
830,812,818
830,818,838
830,838,839
840,827,826
840,826,833
736,799,811
824,817,802
820,790,817
832,782,830
829,823,825
833,823,829
820,817,828
828,824,823
806,810,841
841,842,829
799,843,811
844,800,809
829,806,841
805,816,845
846,787,770
846,770,835
836,834,780
786,847,769
798,837,772
795,769,847
827,840,848
849,828,831
828,849,820
796,760,803
796,803,850
810,800,844
838,818,851
824,828,817
810,852,841
853,833,842
781,834,854
829,842,833
799,775,789
855,833,853
840,833,856
804,781,854
804,854,857
852,842,841
832,830,855
832,855,858
832,858,859
804,857,789
818,819,860
766,749,861
837,835,771
793,832,859
798,862,863
847,814,795
862,798,801
854,834,864
820,849,865
852,810,844
815,850,803
850,816,796
850,866,816
850,867,866
855,856,833
838,851,840
868,819,805
839,855,830
842,852,853
853,852,869
855,853,870
820,865,801
786,766,861
836,792,871
805,845,868
863,837,798
759,872,749
873,749,872
873,861,749
844,809,874
875,814,847
875,815,814
859,858,876
840,856,839
855,839,856
831,848,877
848,831,827
854,878,857
851,818,860
857,799,789
838,840,839
862,801,865
862,865,879
848,840,851
831,877,849
860,819,868
815,880,850
870,853,869
863,862,881
882,759,787
787,846,882
859,883,793
834,836,884
845,816,866
835,837,885
843,799,857
870,858,855
880,815,875
874,809,811
874,811,843
885,837,886
887,852,844
874,887,844
866,888,845
881,862,879
834,884,864
870,869,889
848,851,890
880,875,891
880,867,850
864,878,854
887,869,852
835,892,846
821,871,792
882,872,759
880,891,867
874,893,894
870,876,858
867,888,866
886,837,863
886,863,881
876,870,889
879,865,895
845,888,896
895,865,897
879,898,881
874,843,893
899,851,860
873,900,861
901,860,868
883,821,793
883,859,902
902,859,876
887,874,894
843,857,878
843,878,893
865,849,897
878,864,893
886,881,898
885,886,903
889,869,904
888,867,905
851,899,890
898,879,906
898,903,886
890,877,848
887,907,869
836,908,884
846,892,909
860,901,910
861,911,786
871,821,883
871,883,912
913,868,845
872,882,914
872,914,915
871,908,836
895,916,906
905,867,891
888,905,917
864,884,918
897,916,895
898,919,903
864,918,893
906,879,895
891,920,905
896,913,845
902,876,921
884,908,922
882,846,909
892,835,923
911,861,900
847,786,911
875,847,911
901,868,913
877,924,897
890,925,877
897,849,877
926,913,896
896,888,927
927,888,917
884,922,918
899,860,910
835,885,923
921,876,889
911,928,875
907,904,869
873,872,915
929,899,930
919,898,906
890,899,929
931,893,918
906,932,919
925,924,877
929,925,890
894,907,887
914,882,909
875,928,891
909,892,933
894,893,931
923,885,903
903,934,923
910,901,935
936,925,929
936,937,925
924,925,937
916,897,924
905,938,939
917,905,939
936,939,937
936,917,939
929,940,936
917,940,927
924,937,941
902,921,942
902,942,912
936,940,917
933,892,923
923,943,933
871,912,944
923,934,943
921,889,904
912,883,902
913,935,901
911,900,945
932,906,916
908,871,944
934,903,919
926,896,927
940,929,930
937,939,946
930,947,940
930,899,910
914,909,948
904,949,921
915,900,873
900,915,950
920,891,928
928,911,945
918,951,931
931,952,894
916,924,953
907,894,954
907,954,949
916,953,932
931,951,952
939,938,955
939,955,946
944,912,956
934,919,957
958,926,927
907,949,904
948,909,933
948,959,914
922,951,918
900,960,945
910,961,930
946,941,937
922,908,944
942,956,912
938,905,920
938,920,962
943,934,957
942,921,949
961,910,935
914,963,915
964,920,928
964,928,965
957,919,932
935,913,966
948,933,943
954,894,952
947,927,940
966,926,958
966,913,926
967,948,943
957,967,943
953,924,941
953,941,968
963,914,959
956,942,969
970,932,953
958,927,947
969,942,949
941,946,955
949,954,969
967,971,948
935,966,961
930,961,947
970,957,932
970,972,957
922,952,951
928,945,965
950,960,900
964,962,920
972,967,957
971,959,948
966,958,947
944,952,922
970,968,973
970,973,972
968,970,953
971,967,972
969,954,952
969,974,956
941,955,975
963,959,976
963,950,915
969,952,974
974,944,956
974,952,944
966,947,961
950,977,960
971,976,959
971,972,973
968,941,975
978,960,977
950,963,979
945,960,978
945,978,965
980,971,973
968,975,981
965,982,962
962,964,965
977,950,979
971,980,976
955,983,975
955,938,984
977,985,978
979,963,976
979,986,977
978,987,965
984,938,962
962,982,984
982,965,987
986,985,977
984,988,983
983,955,984
986,979,989
985,987,978
973,968,981
973,981,980
983,981,975
988,984,990
980,991,976
976,991,979
983,992,981
979,991,989
984,982,990
980,981,992
987,985,993
992,983,988
980,992,991
990,982,994
985,986,993
988,995,992
993,986,996
989,991,997
991,992,997
996,986,989
995,988,990
994,982,987
998,987,993
998,994,987
999,995,990
997,992,995
994,998,999
990,994,999
996,989,997
998,993,996
997,995,1000
999,1000,995
1001,996,997
999,998,1002
996,1002,998
1000,1001,997
1001,1002,996
999,1002,1000
1002,1001,1000
