8.154161853911888747e-01
8.239683901931973420e-01
8.735598107092774622e-01
7.843986829745647205e-01
7.933408920537764475e-01
8.387044446289461108e-01
7.650325121430824327e-01
8.358669098170022904e-01
8.788415473831994174e-01
8.545526271561608711e-01
8.391839589228672347e-01
7.911843382601209118e-01
7.927043386561981597e-01
8.187537420823528533e-01
7.948592502854527897e-01
8.919333281937540381e-01
8.283002144079596452e-01
8.457625814894198513e-01
7.901313898212293241e-01
8.715425610092352171e-01
7.804456081060521244e-01
8.597204865172384247e-01
8.951616431161770748e-01
8.040533071823087186e-01
7.929573693255582700e-01
7.286968342366948459e-01
8.693108693991911107e-01
8.904165155514025543e-01
8.334025383293274247e-01
7.580261501680063407e-01
8.521311736863160791e-01
8.986447223382667548e-01
7.998081640443970297e-01
7.799012515827454806e-01
8.137633289130057346e-01
8.864011364455085529e-01
9.061167665525738935e-01
6.427922507507690675e-01
7.263531102402489559e-01
8.900548098408985753e-01
8.474284419301361115e-01
8.898135228059147472e-01
8.180257951596836552e-01
8.613742010872794674e-01
6.717351841448552241e-01
7.366095646927762752e-01
7.859010878689571822e-01
7.885775515328341534e-01
8.682607262311174967e-01
8.266913140962560691e-01
7.258409861624919301e-01
8.644930261678260841e-01
8.246935446821052063e-01
6.792568991015429658e-01
7.969715047247726281e-01
8.644973516006763115e-01
7.287028316068954181e-01
7.512889707643403137e-01
8.581723654253078371e-01
8.736763953489146139e-01
8.357482880119476709e-01
8.839428019167305806e-01
8.355706761118020243e-01
8.080462035053367353e-01
8.837184622885235763e-01
8.523130740036358732e-01
8.056450180004175454e-01
7.614127541020956347e-01
8.004001017703228360e-01
7.908658353027592236e-01
8.265352364639774185e-01
7.920590243567440236e-01
8.676663475673980219e-01
8.043431466923234296e-01
7.381544934251093038e-01
6.541740019697288577e-01
7.917379635834520535e-01
8.575067203604460619e-01
7.519624630904743201e-01
8.177751099370098586e-01
8.676370643718696041e-01
6.730460049905793163e-01
8.666780153356559158e-01
8.676945647766411973e-01
8.855644908773119273e-01
8.503466309228993047e-01
5.853417319986831124e-01
8.704746312017708210e-01
8.318494931822998373e-01
7.002434449895773572e-01
8.615774640277231722e-01
8.201752994335297364e-01
8.534785439793145523e-01
6.018770701351410235e-01
7.468017798388448814e-01
6.173526405912208581e-01
7.679272744863124833e-01
8.867244746099980368e-01
8.090654109798466331e-01
8.650707680085998330e-01
8.382184502259352188e-01
8.612618852362931010e-01
8.577890348462127168e-01
7.091565442767107097e-01
8.927461418147198957e-01
9.207080977668056221e-01
8.695756605376193660e-01
7.107806467696495822e-01
8.004893136474888760e-01
8.684872679833699483e-01
8.524608483064581854e-01
7.359747777268484947e-01
6.289798827968751116e-01
8.580900882719112444e-01
7.816079834792094561e-01
8.503671539736529228e-01
6.474676847781515310e-01
8.413920789644591114e-01
8.412229074663821748e-01
7.247243642607479330e-01
8.645381885246288256e-01
9.402676078482400390e-01
8.433825881245248235e-01
7.943700996699381012e-01
7.923632028534863814e-01
8.088565842137441786e-01
8.638059616772131299e-01
8.694130358016929350e-01
8.435282190636969046e-01
9.234414223969470426e-01
8.015385923108643285e-01
8.069098672570194086e-01
8.099261531325865349e-01
9.047241250872730678e-01
8.303564078802839754e-01
8.332975804034470357e-01
8.444135858687726870e-01
7.293520853736585874e-01
8.359538040496923283e-01
8.678993667659433697e-01
8.586566805660419410e-01
7.376641518513210594e-01
8.025845031450824507e-01
6.813228337753783892e-01
9.004674096738647382e-01
9.155650924231878429e-01
8.407947351499898136e-01
8.655918963534033894e-01
9.140329085984699731e-01
8.046559414862317627e-01
7.563524615757319935e-01
8.634327268654653498e-01
8.610656201186048797e-01
8.644418452633750860e-01
7.663278090362243278e-01
8.941763824988310239e-01
8.610631290458991005e-01
7.501567952133862960e-01
6.399641766383538100e-01
6.819252438103444725e-01
7.692162186464659435e-01
8.172278379655359970e-01
8.391527460322271148e-01
8.550583948155185965e-01
8.903208451054183126e-01
7.805654377906295904e-01
8.358098737674363177e-01
6.602508874150517793e-01
7.099730913899195972e-01
8.608970069752915899e-01
9.066365095454509415e-01
8.816048950987891430e-01
8.870606108303642490e-01
9.150593696202593552e-01
7.815165495548701546e-01
7.723160921019689429e-01
7.342573795571647466e-01
8.848781393221937241e-01
8.987506998885307352e-01
8.177048243741444900e-01
5.971829582120462554e-01
7.722671163707078845e-01
7.693567665281380030e-01
9.074775543795998711e-01
8.442181754701024721e-01
8.247918189658012267e-01
8.783347260034352066e-01
7.137417519048204761e-01
7.613032810262920780e-01
6.997818737620618013e-01
7.697833520695169796e-01
8.768967723001375170e-01
8.631220489927153849e-01
8.797080622924978721e-01
9.380007082102415072e-01
8.306070305915586038e-01
6.449469624671941848e-01
8.267490903831659077e-01
7.985264190233561932e-01
7.496350230643360479e-01
9.399456236861933878e-01
7.566793462034729911e-01
9.412133952827196337e-01
7.669890300289123886e-01
7.115211809204462501e-01
7.961774553328426762e-01
8.794483081979691530e-01
8.765359433092322350e-01
8.725847474131482873e-01
7.955339561384077163e-01
8.565320897389063770e-01
8.277236706229605945e-01
8.816485826256792446e-01
6.227355766822196825e-01
7.771071940416338641e-01
7.669964737011104594e-01
8.404940808923820894e-01
8.865219964857291579e-01
7.960384311120813905e-01
7.870567559137751079e-01
8.199962590469027646e-01
7.703647634034770375e-01
7.953566853478476473e-01
7.644543522601766616e-01
8.854541946522911378e-01
8.669697734385224397e-01
7.316617582529503228e-01
7.936491378734742419e-01
7.798804165999788651e-01
9.755680027144656430e-01
8.092495842512539284e-01
8.107946352764932030e-01
8.285596554366200239e-01
8.160132869063180250e-01
7.458194111894672629e-01
7.784870149584792731e-01
7.364752366568770858e-01
8.236891825618034568e-01
7.856294778340632279e-01
8.040131366679637015e-01
7.805225900769874325e-01
9.050072947435940929e-01
8.450878515794392198e-01
6.531690963885113943e-01
7.210684003765795991e-01
9.125126299281682840e-01
9.315121879733160304e-01
9.624413565887124378e-01
7.963882563110340485e-01
8.579529326827017854e-01
8.110195112007076990e-01
8.390569756553477587e-01
7.969566881409860803e-01
8.384326542215208011e-01
8.232580959736222059e-01
8.027652838948363678e-01
9.559537367362332949e-01
7.794408459491317664e-01
8.513749025744050680e-01
7.961525035272734030e-01
8.242401373193385394e-01
8.336113293800448965e-01
8.023250137378710178e-01
8.035325583345087619e-01
9.408570317486508738e-01
9.368005118638965678e-01
9.377571287234385267e-01
8.034801285117088021e-01
8.466562178257209803e-01
8.187578920019882300e-01
8.125085002521758026e-01
9.197622469839331627e-01
8.690284950115796381e-01
9.318117620720103300e-01
9.100547095875818338e-01
8.051955451644665640e-01
7.896194981331330354e-01
9.344759109091753668e-01
9.023074139004507721e-01
8.314440742106780080e-01
8.130014062924411089e-01
8.768153016347268736e-01
7.447751191481076782e-01
7.678953425995360682e-01
8.588379079817984874e-01
6.995942291651534584e-01
8.177239969699603428e-01
7.878490392940005194e-01
8.384163185233394211e-01
8.865154012600235944e-01
7.414374332530040412e-01
8.618607321112455866e-01
8.920637400392529281e-01
7.903042580004000506e-01
8.326429032889706150e-01
8.177583322484049955e-01
9.128491719995437403e-01
8.216601562050900309e-01
8.452718550560195387e-01
8.097725336053891443e-01
9.363460957945429763e-01
8.924544421291399354e-01
8.400175146632226086e-01
8.509731364459620639e-01
8.294347723486608093e-01
8.965553237932978314e-01
8.127906998583014353e-01
7.983444107835137027e-01
8.406354602476291404e-01
9.073313416453111513e-01
7.156471445626544359e-01
8.116764775465565851e-01
7.872272443496066696e-01
8.052571785554797357e-01
8.818928328310280396e-01
7.797195560445500107e-01
7.457815786508672495e-01
8.045823174350790197e-01
8.362022309991409275e-01
7.669248961460440883e-01
6.840386103155184916e-01
8.473676223788152440e-01
8.598842208884690530e-01
8.538412064797084033e-01
8.897345523130026912e-01
8.074495906448411198e-01
8.224027421581874275e-01
8.933910407102652051e-01
7.724101753408926241e-01
9.255023788483394132e-01
8.159550370534007779e-01
8.243235564348316835e-01
8.286291378621546411e-01
8.258041481965137098e-01
6.981844614593539777e-01
7.849751873111744382e-01
8.244286072832121004e-01
7.910113948150117036e-01
8.047981324225291777e-01
5.391685483117361066e-01
8.452302267051350348e-01
8.347555173026814934e-01
7.612604839612994168e-01
8.663072155463853452e-01
8.938976601730735938e-01
8.617170190716118006e-01
7.913108972149810461e-01
8.268824280711749575e-01
8.548127863182677366e-01
8.179527631020245826e-01
7.535790289963250066e-01
9.212874111187333570e-01
6.333967039965365808e-01
7.895566731874475996e-01
8.806595864340515112e-01
8.424944297843839358e-01
8.690704408092404520e-01
8.545378334191030545e-01
8.383341086027293887e-01
8.970945281164084406e-01
7.957020467219833026e-01
8.406602123367061807e-01
8.128754060194556263e-01
8.712223520959119227e-01
8.454895966288302755e-01
8.506700673392174616e-01
8.578368693488095387e-01
8.033795140645234589e-01
9.411840893303472511e-01
9.087229783967026853e-01
8.296401055611908326e-01
8.613232432562296648e-01
8.352335652731085469e-01
7.448961109788367896e-01
8.725282773681988235e-01
7.909509794389829596e-01
9.327982397801507508e-01
8.992244591481853844e-01
8.374632660207919077e-01
8.680173312396599616e-01
7.497391682036133043e-01
8.488652051562317613e-01
8.571428503252300768e-01
6.912156010973861120e-01
8.610487666628706682e-01
8.471226306908382631e-01
7.536629450197074309e-01
8.537716169611768713e-01
8.812719225210146057e-01
9.014824214288710280e-01
7.559276053178131116e-01
9.008112792776385991e-01
8.583112116544517889e-01
8.274310314222217411e-01
8.263864818045124627e-01
8.317817618665666046e-01
8.154448645944623042e-01
8.864595120276506091e-01
9.137630473611964010e-01
8.950964209619362011e-01
9.277413501395394002e-01
8.661041695684460473e-01
9.438049210314953807e-01
8.881724884742924209e-01
8.462076959708854096e-01
9.133405573128912103e-01
8.689265820014043795e-01
8.733307399823391215e-01
9.331213272625402677e-01
8.944378579001852625e-01
8.148469698956330998e-01
8.610304203557127556e-01
8.279482340173330845e-01
8.165802758210577439e-01
8.889553793328619502e-01
9.044745526907065347e-01
8.688220324762365721e-01
8.796866395330286137e-01
8.445600546942391151e-01
8.653158076695400824e-01
8.081584283719267514e-01
8.331711076523081738e-01
8.513818822971777056e-01
8.724459304208947996e-01
8.256015256056699059e-01
7.569150208419275216e-01
9.484994803749556835e-01
8.856494037040680833e-01
8.791109641450978174e-01
8.558834438388673860e-01
7.953753957684249754e-01
9.269678231552187508e-01
8.868426928417342259e-01
8.220143025626920341e-01
8.955293613941256448e-01
7.978030234493209694e-01
9.131669147493058913e-01
8.318860490947284081e-01
8.129045128613612281e-01
7.728831462679525144e-01
8.251939014943767692e-01
8.229509600302717942e-01
7.701902633749764249e-01
8.505527125186791437e-01
8.585858735973133093e-01
8.696180686950778504e-01
8.921116097533512423e-01
8.469979505088867100e-01
8.765445524887072182e-01
8.481802505892691579e-01
9.034709365214592669e-01
8.955548346702590923e-01
8.939836010070756345e-01
8.815175299654501861e-01
8.497421511510193648e-01
8.205325517049419926e-01
8.690191423870559095e-01
8.731621550672028498e-01
8.810807352450901186e-01
8.217295823263932597e-01
8.078757996590362200e-01
8.528168995872543734e-01
8.304344546331078325e-01
8.931254347050113784e-01
8.730881776535983629e-01
8.622644316834947587e-01
7.880771666684195376e-01
8.581172653607849199e-01
9.399084727216576729e-01
8.246145596710374726e-01
9.142629800536838935e-01
9.396312752262020451e-01
9.350507657928837091e-01
8.676379227276529438e-01
8.509410800235412964e-01
8.792421439495653468e-01
7.898998210560055355e-01
8.581071224016559862e-01
8.486167662166912429e-01
8.374596797824024330e-01
9.087009493641503566e-01
8.002905960315326306e-01
8.481328702288570831e-01
8.498268769041811277e-01
8.830311669712216371e-01
9.140504049442821355e-01
7.793734180070096551e-01
8.542256858857997237e-01
8.925923740848455967e-01
8.810719829575165418e-01
8.383187861428711418e-01
8.299489970940422401e-01
8.886229458447383323e-01
9.137884827553985900e-01
8.833444755506738577e-01
8.835121912019292534e-01
9.147876971907262789e-01
8.852152053157504863e-01
8.947709421320396705e-01
8.695607065666187685e-01
8.444528678149277878e-01
8.618042536777343887e-01
8.136282630433913088e-01
8.941068470008262103e-01
9.301693555657655210e-01
8.143640492061305913e-01
8.164538634722133814e-01
8.618182367194237026e-01
7.725036641758594724e-01
9.069961206874320725e-01
8.110761962344155140e-01
8.610194509143384023e-01
9.153987229874949172e-01
8.880118538354828672e-01
8.507193865147660850e-01
9.026972442162546351e-01
8.073823531885843119e-01
8.691080412487941498e-01
7.473327181787369211e-01
8.773265211762270033e-01
9.394315956021822567e-01
8.228155358687069265e-01
8.866834350350888405e-01
8.825596580687971038e-01
8.528244774915878512e-01
8.982760705392451861e-01
7.254396522195929453e-01
7.085425737199970708e-01
8.249209074851151513e-01
8.961446275628892622e-01
6.842001072257862804e-01
6.720026385101831590e-01
9.218487212729740143e-01
7.770149865887741036e-01
7.105613388232463468e-01
8.855873347001477214e-01
8.659826398297438832e-01
8.833341727021996048e-01
9.104338580550643822e-01
8.580631394622326713e-01
7.656326141815816833e-01
7.792760368737301491e-01
8.158547413265204717e-01
8.964010088659825071e-01
8.048993212075006287e-01
8.806798180515242880e-01
8.513318863756251798e-01
7.928192618274683134e-01
8.191523181211257665e-01
9.525857950281442221e-01
8.543350437297241307e-01
8.603903689302093705e-01
8.980006815003743759e-01
8.121295816576327153e-01
8.332909498501454015e-01
8.570532889961731682e-01
9.007853307673032717e-01
8.171784380153773730e-01
7.711871063875239685e-01
8.726553135383341431e-01
8.909411061078922334e-01
9.496812423898340905e-01
8.756061707534015248e-01
7.726751444650497014e-01
8.971477291843785729e-01
8.071343335194089974e-01
7.113483113013667758e-01
9.440384043221795585e-01
8.900237004674844687e-01
8.124391634622597502e-01
8.826048912772751498e-01
8.581176930078702192e-01
8.356160117570163859e-01
7.940930026821850785e-01
8.703653926065877400e-01
8.473654843962286076e-01
8.821294149643741367e-01
8.210070056766237689e-01
8.640553016854483070e-01
9.158904597079624565e-01
9.546029860049360938e-01
8.864425761933988346e-01
8.711958251961556821e-01
6.969923889557556596e-01
8.506002904402685250e-01
8.276534849642392944e-01
7.956047079806687350e-01
8.834100713364805291e-01
8.028406381188553098e-01
8.436972515812334317e-01
8.623170713319984193e-01
9.010551298096889372e-01
8.523907023213889156e-01
8.991659866261791922e-01
8.245127170873187694e-01
8.755317740216083111e-01
7.916957131636831457e-01
8.490807113535830952e-01
7.294119339189961693e-01
8.337194051323781885e-01
8.337023313602172081e-01
8.359528007728138643e-01
8.628035094150386941e-01
9.256612731021803819e-01
8.490412455809182024e-01
8.881247965737980588e-01
9.079020999128106784e-01
9.168208155966123263e-01
9.473437353912441683e-01
7.975075466061138929e-01
9.283935828430749382e-01
8.729978960282833711e-01
8.145065174755117265e-01
8.285222075017095733e-01
9.085144745129114519e-01
7.940586299746021925e-01
8.192342244488467484e-01
9.195615960776647446e-01
8.364123382911520244e-01
9.098109744147180322e-01
7.711196412814655954e-01
8.519230634549134207e-01
7.607815760717027143e-01
8.554101268977392092e-01
7.887456927021712083e-01
8.405400276153159878e-01
9.055769969509916972e-01
9.088733481324088315e-01
9.130823008667403595e-01
9.368555026872812386e-01
8.870817484532937947e-01
9.337715435197484481e-01
9.445970499561598954e-01
8.468822125784546406e-01
8.841890217138863584e-01
8.755300296609519473e-01
8.987742709453818701e-01
8.515188456222184676e-01
7.276698861600841006e-01
8.106113183745127238e-01
8.496471702063042031e-01
8.710604195624979118e-01
8.263086090802128636e-01
8.692113613000432837e-01
9.458231943211730108e-01
8.184035826757269927e-01
8.543687108452772128e-01
8.632533610894311815e-01
9.153079023027337335e-01
7.829175504176999478e-01
8.451909691954129222e-01
8.340243602836627801e-01
7.786433578759950347e-01
8.802988641198392639e-01
9.479555055973172273e-01
8.311065368638979045e-01
9.173014111551752725e-01
9.016582866932048024e-01
9.431678347585669142e-01
9.391324942899870187e-01
8.255167868816255528e-01
6.930949382452791241e-01
8.729818372614625011e-01
7.555616941067097025e-01
8.752603082412775404e-01
8.934341893856784234e-01
9.062683923967338462e-01
8.577143265178982512e-01
8.373419311670542431e-01
8.316222473561113437e-01
8.272405643023216237e-01
8.745048565139599273e-01
8.246705864951824339e-01
8.498085690917193125e-01
8.159213786847365757e-01
8.400740738543535091e-01
8.556250074148226137e-01
8.484113987639759769e-01
8.805252876287443797e-01
8.918729488329406596e-01
8.981688637629121619e-01
8.768157448672926346e-01
8.909452030891105156e-01
8.734863572810982468e-01
8.908957604954497178e-01
8.730143063053692476e-01
8.985940063715547321e-01
8.321466207358445555e-01
9.060086683620364179e-01
8.356353995859500117e-01
7.090167286594446505e-01
9.248462920116290453e-01
8.868298530586076200e-01
8.213002334331557241e-01
8.176404830777612709e-01
9.032853404405517539e-01
8.076534206725510812e-01
9.435354890956670904e-01
8.787580287161164128e-01
8.895355639850244245e-01
8.880041111963932199e-01
7.935654250074856142e-01
9.605415536278418820e-01
8.744193282244386856e-01
9.151616270774994844e-01
9.109934286768576195e-01
8.891301897612229332e-01
8.682246390470796937e-01
9.005802697527215406e-01
8.087847140032009552e-01
8.265438227379422464e-01
8.662281053351382765e-01
8.416457096328534560e-01
8.616271534132537990e-01
9.008963559168026158e-01
8.452993371929287125e-01
8.439228975220256501e-01
8.787893561886328531e-01
8.654441124213443359e-01
8.573404126610759679e-01
7.499620113219539475e-01
8.887036147691090848e-01
8.589094634337238743e-01
8.296361507107961053e-01
8.806688001587852366e-01
8.391983146089841972e-01
8.964592944714833145e-01
9.068769735157025114e-01
9.706072241512662124e-01
9.319730876717122747e-01
9.346733654263879032e-01
8.608400403476085261e-01
8.366785107508789565e-01
9.120079168792778468e-01
7.700716050512632638e-01
9.114913457999981317e-01
8.562758205769411823e-01
9.103010075375920218e-01
8.683910231729872198e-01
9.047210674619313719e-01
8.656962852645424533e-01
8.527160598586197571e-01
9.138179797440874053e-01
8.912534107131023786e-01
8.666290023974682066e-01
7.902371934814262922e-01
8.088632448079753345e-01
8.804046294392345873e-01
8.748200938903012425e-01
8.641492437735346366e-01
7.851859006927803808e-01
8.454479935297978255e-01
8.541832336914026991e-01
9.184714772927217163e-01
8.329371206908612324e-01
9.376257998507342428e-01
8.974156343482447840e-01
8.403088935648285185e-01
7.578088994681336787e-01
8.060273966720232774e-01
9.484841597147566361e-01
9.313077078999852931e-01
9.049316078277263031e-01
7.734252186085370795e-01
8.191047227401415665e-01
9.314313515217241823e-01
9.307988086620174739e-01
8.353236365497600513e-01
9.128945191762324329e-01
8.477713511587564588e-01
8.845167948072729658e-01
9.130693114039620806e-01
9.224325994095200487e-01
8.653071911150833628e-01
8.234995015280273112e-01
8.518539283332486889e-01
9.490714779694424674e-01
8.897848548477557129e-01
8.878123527897437972e-01
8.330365612142545118e-01
8.261709153157225094e-01
8.969318768155828403e-01
9.100911379845344484e-01
7.772876194542769346e-01
8.839645844743634351e-01
8.973547343525025699e-01
8.002909696673625728e-01
8.348369589814645941e-01
8.719994127473764678e-01
8.590859191679669493e-01
9.111071273340828336e-01
8.711947479219631640e-01
9.371511830220518036e-01
9.386680228239931978e-01
8.103747837897923301e-01
8.535042054308807913e-01
8.527625115349235507e-01
8.883782830705331257e-01
8.638210897488169948e-01
9.593024933982048363e-01
9.423897201118471845e-01
9.105173201863969723e-01
9.021460648127438420e-01
8.457259206861037493e-01
8.293834365806261877e-01
8.961991207916750746e-01
9.054354636113238763e-01
8.323973481101458738e-01
9.214198575693086646e-01
8.799478524044532790e-01
8.669954939583550679e-01
8.671172725555781335e-01
8.711260906256358405e-01
9.615948122770470174e-01
9.193560718333830817e-01
8.632253281585369198e-01
8.420121367077139096e-01
7.782840205961563118e-01
8.621804078443817687e-01
8.468387744733882894e-01
9.366770240119988156e-01
8.211286025380012399e-01
8.510032203937083484e-01
8.933432059302462980e-01
7.021626944427933337e-01
6.956021464569965840e-01
7.710183890877709834e-01
7.908086943684821124e-01
8.673226445074865287e-01
8.748813154082660803e-01
8.937395299702052265e-01
8.792948481948533734e-01
8.240044080496713441e-01
8.183829506742512638e-01
9.066767880975409311e-01
8.899702719932771622e-01
8.872305358464909197e-01
9.777437134566406840e-01
8.112250827594742475e-01
6.971708233349303008e-01
7.941305447096862480e-01
9.146804524540023129e-01
8.641408371794001564e-01
8.729621347371918638e-01
8.247913248772426043e-01
9.156329699095808738e-01
9.164155725821558907e-01
8.827317112116510600e-01
8.639409562475449667e-01
9.211319585375357111e-01
9.359663320949053178e-01
9.205031437954623863e-01
7.849446215498293578e-01
8.611213175949711252e-01
7.902944665995117468e-01
8.167705529047499802e-01
8.451007500958088725e-01
9.168004107559019067e-01
8.576495346253069085e-01
8.562661804172272406e-01
8.371744795723261579e-01
8.917077330330371865e-01
8.736611472920030597e-01
8.119428187496053884e-01
9.291275293592452522e-01
9.063973025859259902e-01
8.755796073263524271e-01
7.716542521204484695e-01
8.683491452852101222e-01
8.735968120005853654e-01
9.240190512779901111e-01
8.947365520118336635e-01
9.015704916030391480e-01
7.929297747862250612e-01
9.165532451824068838e-01
8.501915033491900253e-01
9.138074813678573882e-01
8.229035013606808002e-01
8.950708713768538161e-01
9.003177489096768626e-01
9.200382752146393228e-01
8.898940818656440044e-01
8.992607769302811693e-01
8.867450949754827061e-01
8.842945143805474029e-01
7.942107203580817121e-01
8.490358439657093026e-01
7.761539418566115733e-01
9.069860861224721127e-01
8.537844975115219670e-01
8.955773319850384162e-01
8.855674263786222911e-01
7.810373410621902490e-01
8.309028819111659026e-01
8.870035039924988318e-01
8.509367271691467005e-01
8.944793812495333007e-01
8.905005128662900615e-01
8.357788076279838441e-01
9.504504326964160477e-01
8.583570416458240482e-01
9.276230762876868097e-01
8.460499690391959371e-01
8.940545849252719002e-01
8.585038112815630562e-01
9.339428890741326983e-01
8.183107021104611967e-01
9.291228496971278839e-01
8.987306731516728764e-01
8.412302323938261051e-01
8.824731799665136434e-01
8.920400103025140082e-01
8.530085005579850499e-01
8.209649712912230335e-01
8.523666281167173731e-01
8.732214190765590356e-01
7.806386553940206641e-01
8.330046964320159120e-01
8.771602298195007030e-01
9.138337138609311516e-01
8.789377294368170279e-01
9.194716425660268699e-01
8.553480346847184279e-01
8.504016863200671850e-01
8.660072018271407490e-01
8.920532347278467000e-01
8.236119693102919026e-01
8.876873897704639083e-01
8.495621026376324325e-01
8.661293555238672726e-01
8.285311362885140474e-01
8.463708095132627118e-01
7.930419840822694466e-01
8.770232073116434046e-01
8.327713432669830995e-01
7.478028216309644538e-01
9.034467488306332505e-01
8.840184741082273145e-01
9.053962361711952456e-01
8.381886745148464657e-01
8.610441010130130968e-01
9.151456493940018921e-01
8.400607415462095773e-01
7.666645873601147798e-01
9.141674996033017919e-01
8.748354358446014389e-01
9.159331108976002112e-01
9.357406979886726539e-01
8.699257816119756459e-01
9.031113284177415546e-01
9.102646624191453872e-01
8.922154048478679877e-01
9.044148199811810063e-01
8.886347748117946477e-01
9.041112098148590404e-01
9.052916286457117767e-01
8.878634291925266986e-01
8.901044668064095333e-01
9.317981439227628337e-01
9.490885938777444686e-01
8.430400560253157316e-01
8.221440464680447313e-01
9.406761574344322252e-01
8.966669708575213393e-01
8.962181324939948457e-01
8.794474645855052675e-01
8.631711741150369654e-01
8.584615823595567186e-01
9.018472429167110338e-01
8.496023694721619446e-01
8.734679074175265567e-01
8.628755706748677534e-01
8.082927806828187345e-01
9.336586659055949866e-01
8.868211434139744442e-01
8.781570253932677872e-01
8.324707755472141590e-01
8.928634997081512648e-01
8.661101427268327324e-01
8.692016336175192315e-01
9.331610682368345344e-01
8.061584368851160143e-01
8.717241164389180064e-01
8.389542499950430887e-01
8.737578866292085022e-01
7.845184496395872786e-01
7.990513152250904305e-01
7.598040202526085141e-01
7.472118847822080134e-01
6.509339422736213354e-01
8.165201233466937714e-01
7.853365481671962245e-01
7.936208482980040557e-01
8.358573825677055869e-01
6.762952916431023143e-01
7.600653198668558819e-01
7.150158939891742005e-01
8.154761839508150034e-01
8.204717905148355417e-01
7.872992502249103186e-01
7.908979671021673097e-01
7.402144554194853843e-01
8.670543555167723460e-01
8.247571174960689477e-01
7.927991654776335162e-01
8.867834068099391676e-01
8.718019895233485306e-01
9.013838858862928127e-01
8.789037117745077676e-01
9.355841437165242080e-01
9.248737996035452102e-01
9.123976824025098464e-01
8.956633411312048265e-01
8.988507966260139703e-01
9.072927576737602751e-01
8.386518045973080371e-01
8.002600439621844197e-01
8.335593989360986500e-01
8.590173971142534004e-01
7.648537868585861821e-01
8.446018312658959415e-01
7.923220018432052258e-01
8.156134160886753248e-01
8.398992115867218722e-01
8.297825457257972381e-01
8.078336937217696079e-01
8.446778498680487246e-01
8.366445484725733017e-01
8.811268982475795042e-01
8.961640893369525740e-01
9.169573560599223461e-01
9.280554603381703238e-01
8.395807438951267132e-01
8.242105017566764280e-01
7.722461415469574764e-01
7.120713397862854510e-01
8.041369469452582797e-01
7.399465004043199734e-01
5.295019057796528372e-01
8.377408565475722435e-01
8.853122162813051865e-01
8.956788629692669090e-01
9.300876306376600899e-01
9.274183779203661881e-01
8.746847837809603732e-01
8.144300916888194131e-01
8.740078507630644200e-01
7.376080177024242346e-01
7.834021040401826230e-01
8.025905539774117470e-01
8.272863379855102117e-01
8.283196179202599874e-01
8.636769433749087455e-01
9.188418138826827120e-01
9.023446074594133615e-01
8.732367513201398923e-01
8.414565258498368783e-01
7.823282707408448777e-01
7.958733486857499928e-01
8.033810335498760002e-01
7.869300181098175528e-01
7.212533646339275295e-01
8.125128144351121406e-01
8.774109403245331507e-01
7.664304267062339582e-01
8.802706017335302224e-01
8.072431340730044091e-01
7.872413753690784555e-01
9.297142353083651667e-01
7.599334743738385134e-01
7.458172403365456171e-01
7.478924236510205992e-01
6.627903549972631314e-01
7.782294536112741579e-01
7.791865774784733079e-01
6.613354599729066585e-01
7.608661280878866728e-01
6.625141667975885662e-01
6.734916913813413508e-01
8.261854631388656500e-01
8.315446110548393444e-01
8.299882203630246646e-01
8.836491050168435724e-01
7.245311901185061965e-01
7.587024180578313404e-01
7.936604594116902778e-01
7.381867270162641992e-01
7.329548947033043271e-01
6.498506301229801663e-01
7.309956235279311265e-01
6.331680965982517950e-01
6.401963552847480532e-01
8.326656917402323055e-01
8.510856537510506081e-01
8.361115642589205255e-01
8.209276555809446041e-01
8.209232894818507820e-01
8.350312003687254681e-01
7.614438020496405723e-01
7.255005082470875610e-01
6.891303308531951943e-01
7.762168727103991861e-01
7.076297180313116941e-01
7.905493591588388380e-01
7.639799103287976401e-01
6.629438760285635279e-01
8.285615092690192807e-01
7.862478027664365765e-01
8.241146478371601525e-01
8.768722720910793189e-01
8.733383726489551968e-01
9.117335506472799000e-01
8.925186093428607581e-01
8.252372240969505501e-01
8.500899321613768489e-01
8.901604427635361194e-01
8.959172241063383391e-01
8.191055327998147950e-01
7.980326832761572842e-01
8.424860650351726488e-01
8.821062904733980581e-01
8.298622856798291147e-01
8.882616278969267531e-01
8.854050068549790264e-01
9.175646448906746855e-01
9.222127336322014646e-01
8.804008302537407182e-01
9.101958084013530570e-01
8.586652819644267076e-01
7.767203872649891538e-01
8.620285391561819388e-01
8.583219323685287172e-01
8.064521211699315906e-01
8.681519201135817765e-01
8.701593768005017049e-01
8.888283014112907665e-01
9.157519716093354134e-01
8.891280321572836431e-01
9.021865447994025233e-01
8.768862334863973818e-01
8.185130102683668696e-01
9.296097237804690216e-01
7.980759969679072086e-01
8.069154881045461636e-01
8.650534831924825419e-01
8.396351905804978477e-01
8.994020497951754622e-01
8.905086955738205079e-01
9.121430634145614169e-01
9.160786546139172426e-01
8.365953011110470738e-01
8.991229598238050791e-01
8.475001071583638801e-01
8.176216457297651452e-01
8.614415900139941185e-01
8.093561638481510112e-01
8.832144120410900801e-01
8.681843621497496999e-01
8.610034582834982242e-01
9.077376689902845186e-01
8.784632455437444420e-01
8.790000085906851668e-01
8.842792529242032851e-01
8.602286704666404216e-01
8.237969535577628344e-01
8.582103742253244238e-01
8.572517623508963958e-01
8.569625568499803503e-01
8.767264847152306251e-01
8.980684207916033168e-01
8.644640450528878750e-01
8.539813458667721013e-01
8.266040319400199676e-01
8.255327515273616079e-01
8.747418221238266733e-01
8.934307786914389427e-01
8.283982549083972469e-01
8.076722852784474771e-01
8.390947428974852018e-01
8.564742597661271217e-01
9.092692893462827053e-01
9.132337022265871740e-01
8.802546279106037153e-01
8.624933428930401380e-01
8.554906291541726215e-01
7.082645988969106243e-01
7.581574484672393144e-01
7.680184874492221869e-01
8.089621357869370977e-01
8.490135288012021775e-01
8.553347938241331327e-01
8.858677064215296770e-01
8.876522411142521163e-01
8.721187853420505620e-01
8.676407112866905136e-01
8.902546700138890268e-01
9.114542977078718966e-01
8.023941015158612133e-01
8.365899568030980005e-01
8.553650533185850335e-01
8.698016604503575611e-01
8.735815345522621733e-01
8.284721976806647126e-01
8.983955260579638002e-01
9.414144101791925845e-01
8.854946790870525941e-01
6.930661032038284430e-01
7.506128347681950697e-01
7.288319567100226548e-01
8.480868306317778105e-01
8.137022945005002450e-01
8.182181522193111567e-01
8.822356036646940014e-01
8.748049816769968290e-01
8.503095584363509207e-01
8.744487885871649047e-01
8.638782120794927799e-01
8.944140032036214105e-01
9.147409911281000339e-01
8.692525683997527342e-01
8.393310704736389738e-01
6.716810748316373036e-01
8.097000007908767838e-01
8.665244785716933462e-01
8.651308048653016947e-01
8.986514493387461888e-01
9.091392345697655308e-01
8.910481109964533131e-01
8.852238211846187310e-01
8.358612845237345379e-01
8.806816863122466366e-01
8.702211788259274217e-01
8.959278336673031085e-01
8.574121601662048064e-01
8.037254312700137238e-01
7.396974751676916870e-01
8.723966394869158147e-01
8.385689486966134698e-01
9.035292308348954471e-01
8.742463996703917495e-01
8.989295782933233170e-01
8.328235030782835668e-01
8.508409435017740829e-01
7.279877443539464199e-01
7.495575681491200015e-01
7.061089324028617664e-01
8.340603593123355752e-01
7.490046058594629352e-01
7.681024765484557593e-01
7.496701940388181828e-01
7.593593732765212545e-01
8.248001627947877390e-01
9.523211570791924041e-01
8.990150763129303169e-01
8.291878006490983610e-01
7.563069283655763364e-01
7.604059927670401287e-01
6.202836827039551748e-01
6.567008710030424190e-01
6.689597288238879891e-01
7.598954313000914063e-01
8.114479715467217691e-01
7.924459914629103929e-01
7.094657253322576018e-01
8.236144275368848522e-01
9.176867855710161281e-01
9.169118001384105598e-01
8.953616891075538708e-01
7.389601414307757077e-01
6.992488323869674449e-01
7.298730865078152386e-01
8.597007568838527236e-01
6.852437369365982356e-01
8.125040230119078277e-01
7.935394614728489282e-01
8.515655416683978185e-01
9.470314427094778109e-01
8.898138019367530793e-01
8.482928691491878892e-01
6.581391035162271752e-01
8.092201541558046163e-01
8.125592523418442292e-01
8.435374064620542178e-01
8.152335829512407095e-01
7.621388211746653596e-01
8.931733921584499303e-01
9.105983290768535632e-01
8.022965800151479199e-01
8.660656044157299949e-01
7.646981667553416351e-01
8.445971579193826129e-01
8.684357135573343989e-01
7.769632908030470464e-01
8.149737348269504578e-01
8.377551791520514435e-01
8.795128781195684642e-01
8.871287133458336527e-01
8.110823134103994914e-01
8.403240163164313881e-01
8.646597058384882795e-01
7.769882953234520384e-01
7.344183443750575968e-01
7.699118707709634579e-01
6.857177315139941776e-01
8.694251534024031169e-01
8.807114042518290331e-01
8.562913370352327469e-01
7.643808289216731389e-01
9.116060345685337296e-01
7.996660984727566035e-01
9.003365343715998836e-01
6.748680485550706543e-01
8.514219000126287407e-01
8.781330063888497239e-01
7.456051893116802942e-01
8.420121761358017043e-01
9.225762786248354885e-01
7.984339151528976330e-01
7.970872509838404785e-01
8.811911866620013578e-01
7.664543101493704880e-01
6.749424620707860090e-01
7.923714762272081602e-01
7.604182686889919829e-01
7.923632666160346227e-01
8.224476292664985033e-01
7.969968811645690154e-01
8.208054362288440542e-01
8.095713932790526979e-01
8.088038300302238248e-01
7.708278911226500441e-01
8.556540544113422353e-01
8.896728550548885783e-01
7.583504198195303303e-01
8.542513595253703462e-01
7.615749214294682545e-01
8.236249882890678276e-01
7.227928232298697075e-01
8.821282830934580321e-01
7.861205522763687892e-01
8.163359257710801620e-01
7.916969845222983082e-01
8.087086743043973014e-01
7.450713661977783620e-01
8.392217954457522611e-01
8.424139168040857273e-01
8.050612902081800692e-01
8.029679735135061280e-01
7.281955462252956979e-01
7.516863769459842803e-01
8.346288616098588298e-01
7.074753406027225466e-01
8.531608409001012472e-01
7.909688586216130357e-01
7.980510425981468536e-01
7.712474948094725224e-01
8.167156272761385560e-01
8.268923046362303131e-01
7.875140327635018478e-01
8.310510157899833050e-01
8.148955405137005004e-01
8.226768475021928317e-01
7.181319714625656880e-01
7.664210448697479361e-01
8.126933975061909621e-01
8.161651226354117439e-01
8.743624880877792771e-01
8.517531220780374390e-01
8.509420943902018530e-01
8.433471053935619466e-01
7.455988375299471560e-01
8.446636364061783642e-01
8.444935123323118464e-01
7.279853591416265424e-01
7.985789843762128859e-01
7.611440023513552644e-01
8.693794010884877688e-01
8.427842487598836696e-01
8.364740624134580083e-01
7.574848679088558301e-01
8.016131100160481804e-01
8.275062863501674304e-01
7.907715888063517884e-01
8.587658970151812454e-01
8.434109114064221036e-01
7.745657976290759583e-01
8.110321779738690617e-01
7.909163853044266501e-01
7.429090500834816257e-01
7.946946723766209475e-01
8.203700684624228856e-01
7.835173432835462748e-01
8.255684332570158990e-01
8.682940971307766542e-01
8.341340120237935585e-01
8.137983552112688646e-01
7.832603105219855255e-01
8.498685070899071325e-01
7.603940809752803842e-01
7.822658588753126363e-01
8.304316579809968291e-01
7.742112161548782012e-01
8.372118594996388330e-01
8.402976727399609214e-01
7.723225666475528328e-01
7.808591075487836264e-01
7.332330191123983543e-01
7.304414358024684528e-01
8.865804635368502717e-01
8.612090554432403344e-01
7.594365197542549684e-01
7.977692054755161077e-01
8.410484507039065472e-01
8.146315722128590897e-01
8.069660095970236924e-01
7.850013242695681459e-01
6.404977182125312085e-01
8.171061443518348177e-01
8.479885103103832478e-01
6.700532777090237868e-01
8.306367952721189774e-01
8.156278773880114574e-01
8.229831928294968346e-01
7.112442398072489347e-01
7.707304875283207402e-01
7.629403646712509257e-01
7.063114211562711020e-01
6.280860222143297422e-01
7.070013039655856923e-01
8.258983476706810434e-01
8.119585623847385136e-01
7.999272153179924905e-01
8.642715905662492482e-01
7.896975635259873005e-01
6.770593099888566613e-01
8.153154772674052753e-01
8.533677514191484459e-01
8.722730479586215946e-01
8.383135744282850244e-01
7.625509000236060375e-01
8.182791610712734087e-01
7.987388631018897955e-01
8.072613566692631304e-01
9.132989659886333600e-01
8.856260969342184541e-01
8.076046012394755280e-01
7.430256613163759294e-01
7.992650651413886198e-01
7.504094564894339126e-01
8.942093646213060687e-01
8.422808328531536937e-01
7.727655652121987462e-01
7.459990522260466772e-01
7.715955856273720714e-01
8.299768873573218908e-01
7.097335670264833807e-01
8.588037804908090767e-01
7.954508085872479262e-01
8.142819349373682236e-01
8.217290422507380621e-01
7.197073915248315412e-01
7.657192745408656354e-01
7.588149680800119201e-01
8.444646833641172856e-01
8.451983944038966579e-01
8.478984632012882550e-01
8.430706421009039886e-01
