63.8918359376341,75.8527817589183,25.8071749525564
64.8782943685896,73.9028940958228,26.4867255047021
65.3003878164849,75.9402601902285,26.4633754070514
65.6518265182592,77.0870964333028,26.3062002800189
66.0930398176223,75.1974327487682,27.3868104682213
66.6273569645148,76.6338225981795,27.563581511955
65.9846395451598,77.8131943871313,26.671773021244
63.0971761371692,76.5909371372071,26.1272973690326
62.3007732317151,75.5511350672172,26.4442203002521
65.074400265633,78.2054722839701,26.7404587805909
61.0247134662676,72.580212649165,25.1064921831835
61.5977299377021,71.7457623483137,25.5576129180162
61.8454337377002,72.3805386237883,25.3953570301923
60.4277169523231,71.60764593845,25.6974160770804
65.4867826534074,74.1045064857868,26.4117645653648
61.9541664626298,73.8676991015353,26.718370790405
61.8268474692922,76.4432953911959,26.7904111571771
63.7256041701889,78.2216544771123,26.7430665766292
66.0132153573758,72.7143198136386,26.6453550997
60.0674376780829,72.5394984681682,25.9094805309097
60.6505174298198,73.8614256278135,27.002252865539
62.9216368395043,73.9262501852631,27.2736591223723
62.9506037400639,72.2898265277381,27.797844645196
63.1654121642891,72.7141026121222,27.7473874601739
65.4124450747425,79.2207389652524,28.8396211087137
67.6052966314277,73.0858580230467,26.6221595737865
67.1204699367343,74.2469394397795,27.4796557955502
61.0706810208455,75.1351287349733,26.6331941920732
60.1357933324774,70.8485165667662,27.3956353390754
61.3685749474264,71.0309047448012,26.5926903278966
63.9662170217533,79.6691017845517,28.5100061029572
67.0351996381408,77.4290295243631,28.0916960044989
67.0881685851123,75.4464074646004,27.7383093271119
67.8240870205664,77.0161800818465,27.7079201971558
63.4738595786213,79.415732178894,28.0003353090229
59.5142129586084,71.8249978322452,27.4627208257321
60.0716852351245,74.8653397918925,26.7161672546875
66.597263167883,71.5008897115287,28.1805621501594
68.6439481529631,76.2759882922922,28.5522645857196
60.4595564168544,76.4221707654707,27.2765333616838
67.255805333744,78.1464662929981,29.5870571152229
61.8961785217455,79.1595248507914,28.8202134279601
68.7688865129469,74.134087849887,28.508747193717
61.3928297018041,77.944461777044,27.7003885326899
68.6831375606843,77.5546404582249,29.9333131210376
65.9632911026472,68.4257740779513,25.9398128437671
66.2034818852628,67.189950328374,26.2898891339862
66.8295245341028,68.087485255088,26.1445050549665
66.5921511442881,69.8396635823493,27.8795576257126
59.1495532274433,75.7844602199944,27.5864718410993
65.6223869674327,71.2410522805918,28.3988545982943
64.6137092605323,72.4683909475855,28.2840790357143
65.1294775914992,67.6822082561351,26.3530188172191
68.7407803921922,72.1627560555044,28.4610844582533
62.2711720600417,70.8438631517152,28.4365102373183
58.8123090861652,77.2457518930458,27.3335628933321
70.2936184362249,73.6292483130534,28.2403847194798
61.2525377293583,70.549771876894,28.2359357024182
64.72844996397,68.3049969950658,27.6020177031315
59.724008412254,73.541780353988,28.8969362988777
58.6957422753599,74.3753555745095,28.5801049236759
60.0474093266804,78.6044724705501,28.1387521035097
66.12194914035,69.6337823964541,27.9347333208239
69.6529012752736,75.08341425738,29.0625315851628
65.1632049819395,66.9907909552465,27.2604181801026
67.0200801606744,79.2043673119749,31.3711087620984
59.5469486961981,73.3235916240458,30.8623968385728
70.0531792129636,75.8596098814903,30.7786925425256
66.8996153832469,67.1288824510101,27.6809476161047
67.2736046077865,68.156397638395,27.2707546605166
59.2645158817507,78.8585246779475,29.0970615541611
63.5533983887339,71.0047141096924,29.3765228792607
67.5093433624108,71.0555709812687,28.3860035562864
64.3402985232646,71.1280605851863,29.1503142232431
67.1961054362366,69.8737206237288,28.6999898443362
65.4196064782984,69.587896728895,28.8600503167721
71.2299030818495,74.8433355349609,28.190650797075
62.8041976297958,70.5595012858059,29.4213018141788
71.21505124098,73.1729345490612,29.2507538993285
64.3923833498812,67.694709115007,28.2295623033371
68.2396720202222,78.6794346388501,31.9542575896199
69.1631250911808,71.1341843645892,29.6740138960426
62.6360518936952,80.6044472206239,30.2382157143496
66.4537707047,66.6838473067595,28.5175262924699
57.6920385925368,76.8064071631507,28.5428957200989
65.4790805437,66.6259948633086,28.3754597490921
68.0644578753119,70.7465582755844,29.2047007465714
59.5035683303743,71.3949507808438,29.1700305432246
58.1802174685502,78.2453416448632,29.9011416910172
67.828753893433,67.8165716142449,30.0957789343041
61.1135952616749,81.2464246938053,30.6367183858451
70.0892028447986,77.9126369499303,32.3793798944487
59.8119895630709,79.9433885823863,29.981992443976
70.365861317209,71.8725196433181,30.594975612273
64.9338458391267,70.0459481584832,29.5525678521244
72.22669645619,74.0834967026423,30.3813321083127
68.0738429074028,69.3597866607693,30.8150466290794
64.694722062761,66.8683631615913,30.4797710789433
72.0737661039849,72.6083597153102,30.1023229282751
57.468321898207,76.3127578015841,29.7074548846866
57.5298927512018,77.3847367844912,30.1593289420964
63.6425711647284,81.2010485934006,31.5031410292184
65.3104700154613,80.3523282836756,31.8438854244545
64.6531850620379,69.3707840109454,30.6330296545508
60.3916586343572,81.6077829055391,31.1592830617312
59.7524175495545,81.0454169300246,30.9987690587685
61.8151017727413,70.2006210051794,30.726657774563
64.2271585853453,70.5343767495811,30.1358379730414
72.568564343713,75.2490160087215,31.7045741365238
60.08962061607,70.7668941738339,29.8846903101618
67.9466468832048,79.6341407018968,32.96557061534
71.5438990405337,76.6645352058061,33.8311251680337
68.3050781730622,69.9806055677434,31.0231938062411
58.9083826924447,79.6946914235907,31.4164962706638
63.8959164454737,70.3630273993421,32.503365179422
70.0592548356958,70.3469823227624,31.1052712686776
64.4482663725284,70.1215736828275,31.6436082848864
61.0473193316501,81.8938167498436,32.1098618681985
71.0286291647173,78.3744576199412,34.0205082689934
69.8193326050196,79.0489276642107,33.7015355805413
65.9169356961636,66.554810775082,30.8264393250891
67.2365071216256,67.0334687949912,30.7476757636716
58.4037216717996,74.2225759600753,30.3259554641348
72.2035324578134,71.8438199828952,31.1288245120601
72.6283115045349,72.6305983082325,30.5696008729714
67.158953195678,80.0574907490746,33.5728357568738
59.1791619262817,82.970197606762,31.16706758044
58.344190371813,82.3252772430631,30.2898740740163
57.9918047863669,83.0231380248603,30.8242812725748
57.506489144423,82.0236861235288,31.5049386681438
64.3480177684174,68.1875663191072,31.0977942248526
64.4090824096642,67.5986304410006,31.7454062442448
57.3869058248357,76.2742373746833,30.984549227011
59.8087334092279,71.3176008485169,31.3304954532149
58.3498071125779,83.6566502573451,32.2147696281779
58.9581793556767,80.8487689940163,31.8034806320175
64.6525224239734,82.1974384263996,35.8326368429399
68.830569935953,80.4674684463953,34.5142865141321
60.2809816397465,82.8274240967996,33.2214262748019
62.2261910045233,70.4018880582881,32.6084079297428
73.7522283738847,75.1967892485878,32.9302247377507
71.9678364343948,70.7077805364296,32.6222309218138
73.2288537234266,75.7758439359143,32.6650245224724
68.422873590718,69.4804121663134,32.7313595878881
57.3468762116453,83.2662354185831,32.4282356618944
60.2238459511977,72.1340703218739,32.7712255253891
57.4264464252948,77.3727441417255,30.9744926431371
58.3120972336559,79.5726239958284,33.4198527857608
58.4466451591356,80.867457035123,34.0287641590195
73.6973404572342,73.8524732941474,32.9064292442098
74.1598748643256,75.0754909335651,33.4976120827157
59.2269263964109,83.5882173453642,33.5292495862604
58.9919656609216,74.0028114359264,33.3201129907525
66.6174817387337,81.2928943044127,36.443984923367
64.7392854655205,69.685722276386,32.9162525362386
57.2039789940901,76.4460226912458,33.1088951397468
57.582373269546,78.218195970142,32.6528733878669
70.9758928281111,69.9487201896519,33.1788672027011
71.7771370178007,78.6370672614253,34.6177805260066
70.8020113901662,79.6604161413385,36.2736192040424
73.5020687008639,77.0665741150383,33.8250651729841
61.0831320648712,82.4520053953107,35.0419625417521
57.4955780808963,75.7612025525673,33.2382104793085
57.1049424341241,77.471920426795,33.8818293183187
56.736308268201,76.606011078662,36.3184046274422
73.4983489880347,72.3161299038242,33.3300403477715
62.073228395955,70.9697495875455,33.6561354467687
73.7726797725653,76.8675704535556,33.8558095787017
72.6772531356228,78.60934221306,34.6671835793968
59.9750345886036,72.860418966273,33.5052982834451
65.7922457335889,66.7635165315653,33.0271130561277
67.6521642505985,67.6270396913332,32.5595489836268
63.7958061361976,70.5396203755317,34.505100825301
57.24723848396,82.1537309662312,33.8826783186836
74.2756398373116,73.1368011725354,33.9992523566115
58.283315612001,80.8047832892868,35.4797571289223
64.654725451981,67.7276654670901,33.1144991225534
57.1295576561203,82.7107095904118,34.8415946359206
57.8521030377521,83.7092599008265,34.8243812981486
65.2040652023521,67.5525705849192,34.0982301730114
69.2633191562832,81.2257276685949,37.7396916531272
74.4422951600566,77.9893041186629,34.9294650588182
75.5219682793298,79.0744231549626,36.6916847743265
57.2300445743053,79.5245211683309,36.5699281412593
58.6537027431266,74.4029936329073,34.3202349791453
63.1079535805961,82.5343339170906,37.0264620853727
66.1481363833261,67.2545877164687,34.1210654809079
68.4167961159793,69.4964557502845,34.7654735129269
69.4917559764408,69.4972170168387,34.4617481488674
72.9652372007357,79.704982017009,35.7243103583894
72.0920352333603,79.6344126840505,35.9272865658725
60.0432348443531,72.9140528330976,34.0900565248356
62.4335709604075,71.2967559379714,35.5397119318818
74.0552195846597,71.1821224320778,34.8722318783195
73.1592653905711,69.6461710593213,33.8839928911226
75.4060840987686,74.6583409420736,34.0526254711771
65.2409004507221,69.3698258324868,34.3359077830193
59.2043300194883,83.3305186565605,35.4070710918967
67.0745438487378,81.5480599708533,37.4636290979953
75.5302655423248,77.5130920532279,35.6401059210241
58.2887192215113,81.6043034050859,36.0724839836356
76.1928330030211,74.5046941450284,34.863882269947
72.3398337966888,68.8674709697108,35.5618723739384
74.3688879087162,80.3446027804596,37.0466852112294
65.1216320134097,82.9090254049264,38.3226665826234
65.2138641973146,69.7917800513752,35.2475213938258
67.0944012442626,67.8891972215637,34.2135099692619
73.9535591821376,69.2462566478645,35.8266316171899
75.3852500626524,70.3629517109722,37.4348799025625
76.1457534218554,76.5511530281285,35.8189601258523
65.9642615486247,69.1219897905064,35.3683627692713
57.3876815338647,75.5199825753339,37.2418956634187
56.4739650531776,77.671884571449,37.1672897331053
70.9364702411604,80.5349189174322,37.7223595745052
72.7688583389695,80.9745743302125,36.9112321088863
67.0125805859375,69.1855218902324,35.7253527833116
57.6975267287886,83.0217239683791,36.1761153646827
76.2233887670869,73.1775829244865,36.1726885851212
66.3945100703307,82.7236513123821,40.0045571392215
76.5970289693983,74.6713704590389,35.5822410095374
59.4260405367344,73.4839681127169,38.6103040313664
64.814767288198,70.1916498539202,37.1679555331282
66.4652405341717,69.2251679598852,35.8517116088601
66.2178476594712,69.6285773636596,36.9720729283661
59.9251030021753,82.4732924804851,36.8969475764723
71.282339682398,68.4728136576888,37.6988640813771
71.140070830109,81.5868744520934,38.8298917144921
76.8929815604874,78.8897252537481,37.8584590033951
61.8561523303664,71.7411146241036,37.744970729237
58.5182601179498,81.8741645087019,37.0069434748869
58.6947612929777,82.297519297823,36.8637317612772
74.5740722015262,69.1700367390175,37.0222648955965
61.2698755816482,82.3757246514595,37.5698063856947
76.758402022822,76.3491059660853,36.8395590151277
74.5169381492135,81.37810590769,38.2755252997844
68.3483867875538,69.5354995161878,36.3372339940997
74.3181349342038,68.4815099649642,37.983324902439
77.5532006015652,74.7566205372632,38.2392638408031
77.746970817868,76.3112139690452,39.8361561736018
76.6046764083737,72.0230015783038,37.5946650589194
67.8079350923494,69.5705776273536,37.794280835143
58.9502556360089,81.8694622231136,38.2275776556954
66.2201011201616,69.7692302961252,38.5355151005753
67.5460577402356,82.1807817128629,39.7236070696638
69.6810320025295,81.6852140891891,39.4124410093357
76.5885964274873,67.1793891596799,35.8706729898961
75.5506632853166,67.0935690945893,36.0391024027206
76.5743892689316,66.454333697649,36.0449613716711
60.3893562320095,81.8784320805762,39.7620251107573
59.1115151652607,81.2905500920459,40.3928036767473
72.5148642072727,82.1847707257237,38.8234905889416
77.1787886611604,72.2383895946254,38.4841534421151
75.601633789218,80.9902499781862,38.1196035076856
77.2344023105286,77.3774052065798,38.1580014246417
57.5402615493533,80.692666503457,39.3119778102136
75.0237575178585,68.3182647641955,38.0025721005443
75.9385356944344,65.9219212802996,37.1923652242397
64.7039935000579,83.3918497033185,40.7308772615931
57.3144088948027,80.2997080189036,38.4364976030764
72.02125963389,68.2412935915613,38.2072059932695
56.6043839527426,77.2395410936988,37.7493720573249
57.0593550572541,78.7362925347871,39.13492975106
77.7051476113264,78.7425900987274,38.8538430014547
77.3204598314624,80.4512222444775,39.4550133881777
77.3117324410736,66.4951076041836,37.7570847833471
75.0269048947114,66.7196727111598,37.1978538752281
74.7037679086603,67.8655451002898,38.0659180965633
62.0062829024717,71.5286023284964,39.0481823343254
60.8216161779702,82.1320001139837,40.4661065184356
63.9447357603827,70.5262001800191,39.2027833131753
77.0577786021076,70.8201174838194,39.9975399797532
76.9664688454224,67.7456540767973,37.3991446561602
58.0800954013884,75.147703290545,39.7652827743101
76.8827646223481,65.9237613688942,38.4568508677151
77.5200526149821,67.3942435728385,39.397033243732
76.1053821561252,82.0714954126858,40.4142854833899
74.1354876543419,82.6910148819806,40.1537236271392
74.9780112209943,66.0337436914822,39.3755726340172
75.9210745828179,65.6257402255398,39.7745077643803
77.9982336261134,75.0659413756453,40.24285938506
57.6428845563957,77.7959382978395,40.4715336028463
75.6578105052565,69.0471645092061,38.8950663894294
70.4454367573202,82.6734700052272,41.7644166549349
69.4710508036965,82.049850555671,40.5847184312233
76.9051654910691,68.7584730829465,40.1539398563526
67.3652923733985,82.684659007168,41.7231492072497
69.5782398966659,68.9094795211906,39.7800361651514
59.3713363044961,73.7251520910883,40.7655815161026
72.3757620175433,82.9251999910885,40.6956323754656
77.7761899588579,72.1745909102661,40.4424229117804
65.8858428371685,83.1758560006085,42.4529366177105
62.2029898855948,70.9919768023783,41.9705939717462
72.2379785556918,67.8816255436813,39.7213813112916
71.2757762979654,68.1501279297318,39.2601927527199
66.0317145252598,69.7690226253217,40.2136022608053
78.1429598479721,76.8621579545624,41.1692153045349
77.3417300193242,66.2283011458986,38.9242901654672
78.1155521422447,79.4345913563816,40.3892355785455
73.9751183318141,67.1262580016343,40.4648988579263
59.475618389282,80.6831248047317,41.3960868231331
77.052940401109,65.8845174990665,40.2245385619033
62.4632673067756,83.0133628660721,41.9156304310859
68.8269666087729,68.7257607218767,41.8867909122997
71.0191327914036,67.8083398144146,40.6588413311978
64.589559213999,69.972039877441,41.4240125258354
76.6470743028015,69.7449640628301,40.0057641016162
77.0888215816364,69.6100737581766,41.1172368088268
58.3219412014498,76.6808227421496,41.6702133793743
73.9386259727631,66.7084466735868,41.6083420062021
77.4611014557659,66.7088713005514,41.2347758260074
69.1272135882103,82.5470489009731,42.6466811651568
78.0706435808769,81.0862016439597,42.3842600731344
74.0362122757329,83.6763660320821,41.6867566830042
77.1863702386363,82.394970006784,42.1873281766317
60.3542065263483,81.1492086419658,42.3151559905281
58.9126774859606,74.5366849506228,41.4586213613037
61.7120438451155,82.4250044855023,42.5439690272081
65.7416764508048,69.5670178408049,41.4905199112783
63.0952776188913,70.2316432190529,42.8946176604966
72.0988849930946,83.7152869635023,43.0230057344674
59.1761435381154,79.0725830474783,42.8120777667074
78.4162156504446,73.0568349784503,42.4395685151693
76.6465926614626,65.8212290702133,41.4915949541832
61.3525623246844,71.8176984452875,40.9990804281192
75.5482152051074,65.6645591142715,41.0918995061725
77.0397448358386,68.8866603778553,42.6489992146696
78.1583698231528,70.741863103385,43.3288545311642
76.0466370850479,84.0792386299226,43.1322464738102
58.7272510776881,77.5650604908219,43.0309086729183
77.4506878348181,67.7312521339875,42.3981849715636
68.4734911079538,68.6081915982099,42.5841559724367
78.6552438067284,74.7150775869978,42.9856194278597
59.6308523111718,73.5760115676559,42.6550210076634
78.982644522373,78.0442799829978,44.1316565564697
60.5206590946529,80.9796482993775,43.6574200962877
70.6448283434124,67.2413554032045,41.9619974738125
58.6399651686542,76.0332614012015,43.1347663864385
63.4710777667387,83.3099316968156,43.2991278418795
60.3998904912471,72.502509147475,43.9504643725346
67.0565551249671,82.7247280517063,43.3558180975738
74.6754280199093,84.4442519018135,43.9136660900227
78.4846075109756,81.8986340302138,43.4567861603157
62.8852144296116,82.5683600025565,44.2562192706442
66.4951504961533,68.2880593961159,44.4186319557232
78.9602879963485,71.7371454204416,44.2390589088205
77.6083553225151,67.0853007621238,43.101685473064
67.8703179176825,82.7817435617682,44.586098611893
79.0190709004355,79.9921110104185,44.358540154969
63.6352997020758,69.7425282424248,43.4496166144563
74.3395340894644,66.1812863558675,44.3264560556383
63.5425034814516,82.9714508313282,44.1075355141775
69.5210747254499,67.7316086252181,42.2727300413775
64.9343524862041,82.9092858868971,44.9254955274022
69.6901710498231,82.9630934653398,43.8275560136298
76.274055239638,66.1124379423159,43.8926180737216
65.0774715016591,68.5962612318598,44.1593872681253
76.9836255819806,66.5106905791173,43.9598631283478
78.9900026867606,73.79524246932,43.3944355145088
70.4736730880743,66.7247455672719,42.5840605577451
72.327238107657,65.9918720219477,43.9944362339718
76.2784366380264,85.0165001380706,44.2246725504187
79.264869501781,74.9252776695175,44.3847048835549
73.5302271786683,84.5452048977947,45.6168291082514
70.65269993696,83.922748074183,46.1133096661338
62.0127047703137,70.7943510042726,44.772449566781
59.0837925598625,74.6961687769485,44.989335526034
67.6393447760294,67.9563658892159,44.0713886852465
59.969931048462,79.8887689398996,45.0147054743816
69.5016511096494,66.1505192455435,42.9658508401588
77.6499700111561,84.0668929032041,44.1617249889334
77.4101859614769,68.9437578554976,44.1717480501648
79.9729643477973,73.294400444472,44.9023045461602
79.3393820744795,79.1272083639616,45.2618133946006
68.7261817286835,83.1984757134599,46.2541741502992
78.1311757170948,67.5537116927837,43.4435091227552
61.3962662407369,71.91219304116,45.2247617972603
69.8962259591933,65.54450348806,43.7165477720013
77.8638853154469,66.8284493698884,44.2372066222121
78.2011375908162,69.7133356469996,44.5963452488486
71.1211427483067,65.7212658373096,44.2783837024404
62.3775401651226,80.8191496010433,44.993567461236
58.868947067572,76.107661292542,45.3726542117647
79.0903778760411,83.2833493015758,44.9689146786855
66.0184966214772,82.2283488260884,46.056566584602
79.3338709015054,67.7065251151547,44.5810389504035
64.0356296962619,68.9340456848288,45.5985999178071
63.5531337653142,82.3561529906104,45.1162066106723
78.5307683329,66.342459574255,44.7747487228818
79.3438202577765,66.4068711556532,45.0286956308493
69.0925659971467,65.4615208040759,43.9315220937833
64.7000869967289,82.4646643777144,46.0734815372881
68.0351427275681,66.6928797165644,44.2995705430736
64.1141335508629,82.2377887911117,46.2975437013279
79.8608707839428,70.4223684282489,46.2817227779647
74.8392329875107,85.4414547832701,44.8557804306311
76.9052997625365,66.1189201421167,45.1117734238676
72.7661600142916,65.4319892508022,45.3903437285225
75.8071478661802,86.624421780797,44.6705063852659
77.4439982410974,86.1047314230894,44.4124721257206
80.6893817883799,73.6527958567772,46.2263003232461
69.825869770032,64.6840662517685,45.2307420168961
71.1806961332692,64.8204047206854,46.0192540015822
68.0160333224651,65.4010304780084,45.6717485015547
69.5144355607754,64.2697043736082,45.7320349651949
76.9725138174366,87.4015875226091,45.4282172570692
78.9202142631529,85.0324939713808,45.1750385678957
79.3050373188435,69.4974612521734,45.8730874269866
80.1738409872086,74.8414406722481,46.2255040372124
67.1636086417793,67.202596731823,45.6888694685718
67.6138470393459,65.8025872560298,45.9532349971049
79.4034651167706,77.4033085221495,44.9572924117904
80.061912157178,81.7596322678679,45.7098275736311
79.7139322481891,83.9409641910477,46.0353420580297
66.1656037147987,67.8033164831898,46.3288300658828
80.425939347244,80.8000050813337,46.3494342108185
74.7302419269367,86.6064739149173,45.8821096700066
81.0707088842179,71.6960218594498,47.195541319044
80.4413325634698,77.2157941438848,47.7081936390987
63.0096174965204,70.1323823972329,45.2091104683487
62.1747923055437,70.9122147085051,45.9265508436653
63.2559510127022,70.0526429420945,46.1309833758129
61.1897896318161,79.8102308303736,47.1909639737976
75.9557458485023,87.5707627708678,46.149771563317
63.7085708002684,81.4422419635635,48.082156043674
73.6458172083753,84.9626140686553,46.5157587094271
65.0450182949645,68.3772610680559,46.2508930177054
68.9302150220498,64.263159802643,46.5602108314675
78.1195685433964,65.6212413123313,45.0506132158146
79.6790010967656,64.0771368803053,44.6265533574447
79.3179497428153,86.1273640452247,46.1706763772469
79.4208449749538,87.2415411404871,47.5618933773599
77.3052150183614,65.8123048225588,45.5954064531026
80.7492160206917,64.7323577247939,45.5130551685452
75.8572572716991,65.7300223563843,46.2238261289567
78.4369568013241,63.9541432144378,45.0623909978422
79.8775194676992,69.1174183430216,46.9960910095414
79.8967650505673,66.311568025218,45.7338794749093
60.0097192009571,78.9232641732674,46.1790536726348
60.5294832074639,74.3867911522243,46.6320392380685
72.8863605414391,84.6599266409719,47.1234006051836
59.8064096718565,76.6383267010941,46.8209254093045
65.5799572694393,81.8962893749666,47.6412224659422
79.4350635619715,63.1811379111851,46.0338538049863
80.3113435942629,63.7207985366662,45.4407853084063
76.9781293409345,87.9771145186889,46.6433806729217
71.9431991294343,64.3614937241295,46.9171987113987
73.5835927839558,64.845890212031,46.4416083644149
80.6851418486275,81.8241512052992,46.9725316034006
75.3786286226297,64.8217013688352,46.8808758635198
76.772756967841,64.7423805642201,47.1508604688659
77.7887400357226,62.9719236422028,47.0092769794708
62.067929110522,71.9556992180961,47.1815452085525
81.0677203478686,65.3417324088761,46.6108534377166
74.2978077271281,86.870685917622,47.4503466721173
63.4749997341776,70.0792125247448,47.184448548363
69.9578461483543,83.7233004412128,48.2803811197096
67.0758774298666,82.5778083235797,48.0594847864296
66.4078502610133,67.0095488304176,47.960811383163
60.8608532764005,77.5541175240252,47.6763068939457
80.4411384520073,66.6034133925496,47.3095490449403
80.5434382772224,69.9112717872521,48.5662523564616
61.2784828631452,75.2698844221471,47.7216653624395
81.4385482471232,63.9399738672997,48.2631559821794
75.5607170583968,87.9467514989122,47.8663882524627
81.8298965476515,72.4981691668931,48.7617384942934
70.1164621900746,62.6761954495443,46.4523143128336
80.7120586219256,63.113451024121,48.3723114794013
80.1527527844185,84.7954027235296,47.4524598622476
81.3010579872057,74.9431931321468,48.1723841672422
80.5787341361111,77.7310173965282,48.4959310255479
64.3642582541379,69.2454695154089,48.6676020938055
69.2543042040786,63.0744819286939,46.4587108429237
61.7220985879136,79.4924278926852,48.3450835019712
78.7852484094792,87.7969276503193,48.3645661573455
79.5040722882531,62.6626947498639,47.9003619892693
71.0512961885239,84.4804529791379,48.4117900431117
65.2433873967818,81.0918670652472,48.6206463553452
80.7226195759132,66.7667676544277,48.8653410025395
80.6345653600288,84.3710044819232,48.6910547067518
68.8582473293088,82.812119326152,49.2344496144504
71.4957565308835,62.9687808963477,47.9268889871228
80.4139187955617,86.6040149079075,48.0844233625521
61.8336460562256,73.4873648971113,48.1549481673658
65.5849807248179,68.0578075125702,47.5720160004486
81.5672985595456,65.3136031176625,48.6809898682928
81.024708503849,79.1094017326945,49.8821852266555
76.4421513069703,88.2836548644748,48.5140360349497
80.3918038581943,69.0865864581694,49.0186603174736
76.3353064091215,64.0032281136352,48.0674574506128
74.294868454926,63.8266105939469,46.9905190392787
73.4883066670629,63.0325822213058,47.5010875517367
73.0802218936609,85.1417821389166,49.3898394546771
68.3698791095725,64.5432437504766,48.105263530926
75.2939069037271,88.2058995844196,50.111341359117
75.3117011963078,62.6861325364101,47.9443828755214
79.6585677702995,89.7907202822739,47.1759962107034
80.6099363900526,88.4502318552177,46.6607534939479
80.6331311787477,89.6681509388847,46.7363103719742
81.7390370205476,64.5768789783799,49.1927401710866
81.8587517740816,89.1615171920509,47.3462430636297
62.4127862754896,77.6578085604612,48.9934004520316
68.5489133255464,63.2972334126368,48.2435476360288
69.2468181455889,62.3610061832371,47.4425452217121
70.863089951299,84.439005763022,49.3599550598658
81.5511159207495,87.8501268002549,47.1281686583184
63.616634404874,71.1642527176497,48.8122883568975
70.3166936408851,62.1979684946451,49.2046625844713
70.9640447773867,62.4502413957437,48.6390293257983
81.8133622069269,89.7844544946491,48.0890965020327
80.4593810582167,90.5226242782032,47.9725425448184
80.8305297036477,76.7684200962868,48.716426859347
64.3209137076659,69.8942068631336,49.842729298967
66.5699231649034,81.7383431130174,49.841044217696
74.987856126681,62.2394960841529,48.1187827010843
79.0189289796735,89.8873922026112,48.2251509665082
79.0810801806749,62.3132456456427,48.1764674350975
62.6481668222986,75.2656318289149,48.3734954592376
62.9348177416773,73.5418921501431,49.3192558921904
64.1787252525237,78.2911527301473,48.6415896956381
82.2725736190826,87.9610779773947,48.0610039463331
81.3881769632225,90.4648341521747,49.0971014940288
77.3037875318217,88.4089441976096,50.4901227950291
73.915105869272,87.2395471410207,51.6543837863036
81.3226702168537,81.1416405045421,50.7678087488578
77.1444491760433,62.061553501298,47.6216689212224
76.0459264909346,62.3665428079378,47.9797106306576
63.9937410832481,77.3099542754744,48.7596337280404
64.5782191516013,75.6181471946783,49.0901846647336
81.7947738580041,73.9763802322068,51.2975752755971
69.8482438249038,82.960980825672,50.3407364936082
66.8491231311664,78.923631192926,49.7888060837032
65.4956466487557,77.3474762572953,49.7137186805735
82.1710203655708,87.1408169590793,49.0056317606902
77.8083349160573,61.1298083110918,48.1740366258264
82.6227158360929,88.7249841209868,48.9171284251914
72.1370937850847,62.1966025706356,48.4757139826411
65.0066688249908,68.0063718014221,50.7387745736316
72.2027666703476,84.7954810374625,49.9875042653269
66.7483665383651,66.032627942425,50.1538133046488
80.6155354220548,68.5980844847381,50.3308143813699
67.6360250867837,77.4516985519082,50.368339072503
64.560005387792,73.5066991617545,50.1850973254217
80.6949285077672,85.484553763973,49.1307048150366
81.2868877429231,86.1767626288939,50.2559782575738
64.6740449612208,68.9904191340853,50.1447014615065
66.8077411544409,81.43816729403,50.6310737126478
79.5366435722896,62.0874767133999,48.7359793995337
73.6914839369437,60.4837629986726,49.6062301665122
81.1396847926011,85.4182331656149,51.0713735807787
76.0471787062774,61.3081417239169,48.6533148557245
68.8246684705321,81.8780397805111,50.4495044026957
81.0960153146505,83.7369126248663,50.9458239480173
68.3957289048277,63.1875014900246,50.1175397627972
80.750495121046,77.5315705000409,50.2125271849434
82.2948408862545,89.8212411095293,50.0115309027238
79.401873978596,90.6130449527141,49.5761308982368
78.6306118008793,89.9212234007192,49.2991269490327
77.9810865064041,88.7538496663719,50.3368144288832
75.3113018578357,60.2132436818315,50.0056170342792
69.1316950556177,62.3764547413589,49.4540783490945
81.9039419811802,75.7902363044795,51.0259695675228
70.8972790618482,84.0548104793887,51.090721948309
67.9897131319212,64.6181530455633,51.4004402079489
67.6497960835412,65.1755447234685,51.5953026380194
72.9888760493568,85.4418410839543,51.5466565261882
64.4725124739776,72.3393499429994,50.0941439614282
66.7545068450051,75.2216627017101,50.2238903319162
82.614553280994,89.2881171726632,51.3796302481591
77.3061364741716,60.6158600329289,49.1892419906637
81.3053530908131,63.0806530443324,49.6927481562554
72.2575682568583,60.4424382840809,50.5110680769998
80.2039789794962,60.9335325660937,49.8149673903004
80.1673178591897,90.7627190181735,49.5457545290392
68.015038179282,78.9992935413705,50.9832419893305
78.175468050606,89.7025275108346,50.7145789678316
71.9626979161227,84.203167430388,52.1023919760543
81.6631364456231,72.7814742488904,52.8510286027257
76.4250953734203,88.5424817465467,52.4328996190605
80.7811764899122,70.0073081197163,51.4151038175858
64.4013036033812,71.1412623262749,50.3945645412318
70.1482486842958,81.9946211301897,51.9251355523525
79.1900544223666,60.5008574414763,49.8534030566232
64.8959032392129,72.0514378806805,51.2111666864578
67.6529816282254,74.7652991287973,50.9895731278703
65.3296320684637,73.4212468992028,50.699162194402
68.9937634550201,80.9388870150196,51.1687582464159
77.3472040070831,59.8718907498099,50.9243252839716
68.2537211963934,76.5458745288899,51.8120502349854
78.8801107874674,90.5253850688369,51.3379907587232
81.6056829261585,85.9938078260144,53.0861719913587
70.736435400476,61.8917632764464,50.0787567434787
81.213614272817,62.3656834808829,50.0747021180516
82.4519069786602,87.0272958077876,50.3751468871229
66.3889716124214,66.2469042529473,51.8808717365963
80.7039822888499,77.2481184347064,52.2704316890517
65.9653455051606,73.26433193685,51.7381784101778
81.9096097571382,63.4438888700699,50.9927874552675
64.80543660321,68.9378769868495,52.1702999845666
68.599684981183,75.2436129546539,52.1596392909518
69.9870721066528,80.0915403996007,52.2901809870148
82.8812145514058,88.3154140464397,51.2720497616435
81.7276180746665,65.2052139938429,52.5931423299352
81.6188188877803,65.5476118571252,50.9154865785041
81.2025774777882,79.9427683540339,52.0513461740072
80.9022397087994,90.6703556127454,51.2364508691407
68.7393106547065,77.8597774378597,52.839373546434
81.6230752334433,60.0691394412219,50.6418482270267
82.0546504491856,60.5946626101966,50.2285735642348
64.9990392596854,70.9787412539744,52.8390717315947
73.5760618814434,59.9490442664329,50.8596829547507
66.7655469844166,73.7240799198962,52.7117944654253
81.9098556335311,62.6555648625497,50.8677500821385
79.9709982842219,90.8525169147579,51.4533128463063
75.1886187887095,88.2208060767509,52.0578005983011
81.6035566126116,82.0632064452322,53.0921282426947
69.877968132908,62.1505077580511,51.5487857291413
69.2694936395662,63.3807649166282,53.1120152626903
65.7044323877887,72.298242348491,53.8347128400607
71.2802862504209,82.2122551184289,52.6593932390254
82.9301255398061,61.0098490137091,51.7109469124453
78.4401259467015,59.1899218214734,52.0139938656583
80.0044547422508,59.719027163032,51.1877813657364
71.4197736135851,60.3852064871568,51.7626671897962
80.7153574911938,67.5423202583726,52.9898640012097
77.3981779873199,89.6437506902458,52.7743553123715
80.7696430905704,69.7055725921084,53.9034472680848
81.3847979205425,83.2159119108318,53.2858130417444
82.6778457643219,87.1061927170417,52.8316504570046
72.8816443174342,84.8724506675041,53.1106452594079
82.2635151824538,73.8356405074932,55.41178050759
67.7060271710307,74.7963620037037,55.0403727989107
72.6701840822813,83.6870865377071,53.325053603895
80.4964582746728,78.8791727014285,52.996936937832
81.4056505623537,85.1991480982675,53.1108171759897
81.9265624603498,89.7017394425973,53.3370552425556
73.7538868844294,87.1337930310648,53.1878418008739
66.0992684401661,66.7654789212883,54.5117567849365
70.4133633928518,78.3446256347238,53.5765149625032
70.4746907931571,75.9876488094362,53.9856028645418
69.5155918892048,75.2162647048079,54.2575249420308
81.2352110337905,59.4219378605166,52.0818415640458
71.0950928583283,80.7743656756289,52.8991673715758
74.2797065353821,59.4901369882169,52.7818578843761
68.6102806608823,65.1578285822552,53.337909469793
81.9822772641625,75.7662812543815,53.2990113139269
81.9264051544559,63.4486126905975,52.602315751856
81.5006331312541,71.2333975986057,53.5947913616421
71.6148888122205,79.8056212341058,53.846655434337
65.7672909371912,67.5407065621742,55.6295614667207
83.0572861032619,62.1348711868002,53.0287445430369
82.3606617983925,59.8840681547845,52.0022199222039
70.0084601434577,61.6993922940913,53.2887560791227
73.4358443584133,80.3400751825279,53.4198381798874
73.905149351568,80.6154968053289,53.5795180541131
65.2649121532155,70.25059999368,55.1161471927473
67.2664652807734,65.8605060080141,53.1973402845434
73.704757564482,86.0207340731309,54.8939459901833
79.3642005706652,90.7425553082893,53.7534441374061
80.9075339031227,90.3639291007647,53.9018113977417
73.4219007257005,83.5894770706916,54.0623422039553
74.2904243701214,79.6199754506325,54.2092716633082
76.1366349652076,59.5832459035624,52.5677729082731
68.160754304353,65.7607656508885,54.1310874502746
73.112813786781,59.6395746712197,53.1337415818365
70.70586463669,75.5445173610456,54.8651692539488
80.8355583609893,80.4505157863839,53.987348303326
80.6444781594373,77.482489952081,53.9124641254897
81.4314445570202,66.1171817035835,54.407711937555
72.2803128431612,78.3081590649299,54.1261350393013
82.7081771499242,59.8148496456377,53.747933051277
77.6623399216437,58.9691496470175,53.3084928573113
70.6836699646782,60.6684170834242,53.2420768495961
79.85518738378,59.3496637089182,52.21783463232
71.6865324099521,60.0426784409086,54.5502507253622
72.4097781841751,77.3947077009064,54.6715999009672
83.4267705862542,61.0840813414915,54.0185262898709
75.0891670993283,80.6744476442279,55.0496394435785
80.9846082643685,81.5490124828473,54.9673174473596
81.186549537495,83.3390864010874,54.2362973739842
81.2928407161371,85.9078701546381,54.2884292922613
82.0925732041883,74.970577415852,55.8704582851214
74.8228121705055,87.6432301243807,54.3728945029029
82.4256890050773,87.6207047990106,54.4312147369932
79.7398634363685,79.8047005714591,54.9811665571863
82.4258763426296,88.6116315795819,54.1511697673961
76.4090485505837,88.4540931228916,53.5826768284111
76.5149244067405,87.7791924604644,55.1396360290077
73.7015500607865,78.4072846019787,54.5829589546228
74.2796548507142,78.5402336333452,55.2884205183707
68.9264886980326,66.0322646401416,55.8411558069126
69.5560436228703,65.1761522941474,54.6978968600554
74.3714942095112,86.7219123647996,55.0590398417203
66.4677639629478,72.9101083679562,55.8693166876176
81.9628749142191,86.9413126803566,55.078525437602
81.7071621313166,63.9009770671368,54.2612025697072
81.0860172803636,76.8451336242191,54.7818824356279
82.211834951377,63.1446846201038,53.9026788253756
80.9368570468041,69.6428771088998,56.7846417950368
70.9171557114908,75.1912422696304,56.407371957293
80.4662041040082,59.227487198797,54.5926049405705
74.2832792678274,77.4834039684926,57.1189654870348
75.1578943463371,79.9215240989145,55.6354274580192
66.1067847291908,70.8746058215014,56.6712486284211
69.9771511496792,74.7957968209832,56.3026140233037
80.4521303963557,83.2822379304298,55.5661020878086
74.3170090203085,85.3394720251962,55.9169765214236
72.1623817871954,76.1408824177289,57.2301264857319
77.0720888414336,89.2576851596883,54.7968406555182
75.4076037492108,82.9792304529772,56.1436776433343
73.7259156848265,59.1979702515775,54.0713357150755
81.5758062226508,65.6107040590935,56.4070762250185
81.6958000486734,59.3475074154814,53.7481504636166
80.7791696736565,67.7517819506926,56.1595830701844
80.1551732040569,78.1391531338269,57.3659343634711
79.7800132759231,78.7503310937909,55.8002745196325
75.3006710070727,59.0749501487234,54.0189023468948
65.7236791043098,68.9298760389295,56.340949233253
80.8745402452321,85.9882317823733,55.3130171155774
69.5579229794042,63.4839863346025,54.7914967566269
67.7001789790732,74.4244002956249,56.094116199546
78.70037709268,58.8861700415722,53.7671308421058
81.0233094662412,76.1537606373499,57.2169328823741
66.419606414712,66.8883763493249,55.9129311969726
78.8209908174072,79.5628339772508,56.343380398557
78.2691844245678,80.1723620926834,55.9525272904288
80.3734434462156,82.6206284852099,55.6723841389855
82.9923629516389,72.5973646640008,57.4302519576093
77.3974110988474,85.9914046337375,56.9747103163386
81.7027413452183,89.0339565750176,55.1693787972151
73.130752534387,76.8236921524301,57.200192734032
80.0058134809378,89.9838109909752,55.7335370677581
76.7816925648215,80.6713336783771,55.9491043089578
83.2018655157649,62.3564477392754,55.9964662152128
69.5833194501604,62.3888054279175,55.5272518356709
69.8701505346041,65.6768653927363,56.6778213221455
75.0409791774404,78.514724907808,59.6131705283695
77.8985564287223,82.4509694358397,55.9663824831016
66.7217429095838,67.4841159537394,57.0838580264013
81.5727806935252,88.0552474944672,56.0174265929135
69.9096415864941,74.2748244636501,57.4185685050414
69.1534881717687,73.5622480657325,57.5087967064206
67.4823631830517,73.3586589089764,56.967194860715
78.0856927317422,89.3149767930976,55.7681824445523
82.5115505750821,71.5489664560045,57.1554403540159
82.9191402738799,59.9881513966137,55.5095231927147
81.8921404133053,63.5598022973851,56.5344020338445
81.5982068925063,64.1825549588802,56.8269275311973
80.0780085121287,86.7124258924864,56.4038619295314
77.4151905736719,58.0662439678876,56.545077992202
76.6351776067245,79.9735094370367,58.1203922286241
75.633770526561,79.4130893074889,58.4884161403696
79.4070096206323,83.2796602977741,56.0737389910158
79.6592504457454,85.0202666501879,56.5708021294339
77.1501063133912,84.3521431286227,57.6799897346933
78.1769797123237,79.5889732454225,57.530377596065
82.4335081139515,74.1462090852184,56.3741783879635
78.2356379098864,87.2265810144317,56.6880047086327
68.6576130657904,66.7812408204797,56.9805540374631
74.5251547126003,58.8124323057467,56.0556093118999
83.2819225594543,61.5523245074793,57.120270853271
78.3348026902999,84.9634738489748,57.4972360243177
80.8628585992749,88.4916553958436,56.6350998880374
79.3875973585373,87.0343998325102,56.85549740742
78.9644785594244,79.0986622020027,58.0908227220938
79.21707336009,58.8819216015992,54.7825276607243
78.3059630784899,58.1147087495298,56.7368964192438
79.5055996659474,88.7319815153238,56.9794676327221
66.4969235590865,69.9391387810842,57.2143112506471
80.3448113954629,59.1509348323155,56.3184640667646
71.188477874651,60.2882850292675,56.8728870757034
69.9536459783074,61.3046027726847,57.2425345433463
68.9185050602278,63.141695388594,57.7174234757346
71.1492034433526,74.2764416171776,58.5916193315471
68.1192629342803,71.7794584127272,58.4441441353367
76.4800385581835,79.6225967952853,59.2804759801401
74.7114140971521,75.6402018651604,58.3000911295726
74.8705843809442,76.6520732188318,58.2758400997078
68.3946485884179,70.5605900711592,58.4085589744631
67.5258631314493,69.6926941749662,57.5880402793035
80.5010818338087,76.235448765026,59.2677250971397
79.861174347615,78.1666311845023,59.8579029575224
80.9939859598129,70.1124743220018,58.0830526976671
82.1808903215417,75.0993784420293,58.2103300498176
80.5503048265663,67.3628225943189,57.8195843998785
72.9623900001777,74.9676856215552,58.7778795819567
78.8732365363683,58.1792971429472,57.6476590740006
72.6603980604082,59.1326732776696,57.0886519661868
70.1537717260104,66.4691465901782,58.0485148044713
77.3515747190385,79.4091469114635,60.2392329752981
68.9215577385626,68.8520548734759,58.111342108147
70.3378274605708,73.041583964313,58.4310750871038
83.0019712014191,74.1459045362977,59.6701216604014
82.7992709579189,71.8928956191818,59.1303924727727
82.6610618233798,59.9748545540474,56.3293128895116
80.7378890855534,59.3655920991609,57.4984788104734
82.9962127361841,62.3331184561025,57.7596213331269
81.4421788540284,65.5464814455991,57.5103527847969
68.9586866115441,64.4858191234958,59.2157841535331
75.992411287035,78.9701292069645,60.5642887212867
75.5280861398323,75.0632670754214,59.4350201094197
69.9375890329693,65.8334452232145,58.3927491677889
70.0600762145167,69.8184255981425,58.9807784029556
82.9992145996154,60.9512410887717,57.7003362666973
78.8893782272898,78.911850180767,60.457399190932
81.1511312999447,65.3583355085391,58.9256888696787
73.6211013025599,73.7891485708795,60.0705565999907
72.1140639171569,72.9462006853459,59.3276305307169
69.9597866714751,70.7954794429844,58.487026448805
76.0462037318276,75.7331344144388,60.4881978996888
75.40144895767,74.2828382719755,59.8828376275675
75.5365264711232,77.5126203998839,61.7739916207689
80.4667047771196,68.0388776206667,57.9823227728719
71.2609459924308,70.5116031190766,59.0683517194374
80.856171894358,59.6591428163145,58.5569163199412
82.3110034593415,60.6866050290095,58.4892191480381
81.0923307409687,63.5509125684991,59.1380358982562
70.72266788511,68.9312036845332,59.6560827331625
79.6253477564369,67.4647835077083,59.168160841979
80.5529636737368,66.3340593263356,59.2171698348033
71.0608836329658,67.1862936993524,59.4176335383834
83.133768119897,73.3891306280307,61.1479955022174
72.247698526243,69.8992137170725,58.9935463276785
74.2902649189301,69.8560106978572,59.400802223838
73.3408514594806,69.1583424756506,59.5429075984698
73.4378462515063,70.967910186462,59.0023085859386
75.714787951095,68.719741123707,58.4403054856964
75.8408817653347,67.9041052448278,58.5740342481027
73.9991003619114,68.3035684469607,59.5475548828691
74.166241213438,71.6594187715822,59.837130729694
80.0323579105155,69.2755407980619,59.8904491315684
73.8375553455868,67.546772010094,59.9911691972351
80.9863139782008,70.6338210861108,59.1931843395574
76.0730054977349,70.0667870975578,59.5311865588471
79.6219364590955,76.4422027318165,61.2391304876201
70.8390084901129,60.1796355316132,60.4244651471338
82.0917436991114,75.4886267301808,61.1691179553468
68.8699450454535,62.8513636905141,59.4815163596191
78.6931543675231,67.7317278794323,59.9985959937609
78.6835330692508,69.4143371086029,61.3115589683074
77.5767267124411,67.8076487791604,60.2418790678682
74.7811709100247,72.5674319136507,60.1307660975066
75.7295933244728,71.8815367467023,60.5352486663666
76.2123467276339,77.7885280021782,62.825303151333
76.4043556550628,74.8700127766863,60.7403388980558
80.9460229451135,64.4942857943192,60.4013142924538
72.2882710024495,59.1715842204569,59.0869522933558
79.7093732018143,58.4868043387873,59.8817900968835
76.8898796371158,67.5251544068576,60.5936039268718
72.7063256486755,67.1738929015469,60.0362748416743
82.1437892224021,61.6430374093208,59.1829063996938
78.6829101979361,67.1369123170241,60.5822382443289
76.5742414568209,73.4876476097688,60.8542448276749
77.2539317918493,71.4790552263486,60.7140570404271
78.838834098461,78.2228373534125,61.8456299129165
78.845941741585,70.4587659067182,60.7190931015159
77.292460893409,69.2875140920297,60.9442253524301
77.7082472093732,78.414789854866,62.6115623140172
79.7850685848832,71.0955851182124,60.741400935658
81.7831312046727,71.6424262099881,61.6565983732672
79.5854102864733,66.8868982342408,60.5391243120771
78.1816406678048,57.6839359069084,60.2750255670502
69.2462750793448,64.7437020657378,60.3297402390207
69.0528795783328,63.936412711085,60.5735320696771
78.2427892863946,76.648771721872,62.6233080728043
71.1893265745185,66.5534051315515,60.9279006397864
80.6638744811169,63.5014121311697,59.8870643537849
80.6350094484896,61.8112162234546,60.6097925168261
81.0683518950322,65.6650475280734,60.7023851266903
77.104919081562,73.0777052262539,61.66014435869
78.3818964756217,71.68279527184,61.486826975639
82.7736370448831,74.9397709033594,63.4310016341972
75.3871513054123,58.3067597763434,60.6465749101239
77.0226388945245,57.7063163486349,60.2150208707313
77.1965285916178,75.9438131623889,62.359907568412
80.6083751974065,59.8698462247292,60.1558637422527
80.2826025837944,71.5175822712374,62.1638155980337
75.5213029585884,66.9795459803521,61.9868919943831
77.9152812562848,77.8470711119649,62.8777022665228
70.2263899076061,65.0927400804267,61.6419047629259
81.1685073788986,60.9139112575119,60.1222431969157
69.3416496481908,64.0015778980706,61.0013054289141
73.1980189557581,58.6744677945633,60.4610531382961
82.6465265033906,72.8778326176529,62.7626947587284
80.7359889402613,76.2384583769738,62.8525089259801
70.5331095689303,61.082093631906,61.3342661005501
69.9090490623421,62.5840344145407,61.4311997325766
76.8389632601604,74.2407535265017,61.9427495726382
79.5669535382105,63.4407730127762,61.3940128893141
78.5379348353674,72.0706010231231,62.5843541408976
77.2462327697273,66.606395669314,62.4941073251355
80.5401828826841,60.7520977521612,61.462979340537
71.5601392125185,59.3063760015787,61.7066367803274
77.6162103596243,76.1450210769373,62.7955647917284
77.1900001047978,74.9212113657888,65.2859572054625
70.9990399184836,65.561455326433,61.8430138145081
80.5937793363972,64.569043178252,63.1192960566074
72.6249836778228,65.3548113221073,62.5662890039272
70.546923372787,63.4212410584328,62.1269479570186
78.5500139021719,67.0142306963292,62.2964427656099
78.2333263801116,57.2893724061008,63.3255302054992
80.8271935947621,66.3595491576574,62.4176548117495
81.6863018566564,71.9605724893725,63.5143782858339
70.7794622270536,62.107537273951,62.6127028162023
78.0823343067819,72.7542853108285,64.5536824157457
80.0051256427398,62.1174809265436,62.0485357045532
71.4892520865669,64.0641361374212,62.7257441610603
77.2665920852592,73.5700440477347,64.9455749601408
81.8019935599379,76.0822704733478,64.5169535839365
72.1586459589335,58.8508677814271,62.5057943026421
79.7681738230973,67.0697895469468,64.5051744283674
79.5367740406623,58.1161949805833,61.6747013858581
82.2795830187072,73.6282706353638,64.7873224416296
81.2104814930122,65.5698077003812,63.4907953720035
74.2224308811743,58.4375634436564,62.8131118201113
75.825130712118,57.9885689504553,63.5012888440188
72.5151448452582,64.6702664217252,63.1583924100227
78.6067316852663,63.8430495489101,62.6567728396742
78.8802308747909,76.3651173129485,64.2499458205468
71.4785362376142,62.465114802483,63.7119586095213
80.1580062864471,60.6319827261273,63.7799300371133
79.9846298929491,71.9772536847406,64.4276470878783
80.817876984645,76.1635643122725,65.8692081664683
71.1565990574527,59.8500676583519,63.0499254457446
74.1893913960612,65.3527936955712,63.5755596562779
76.0302308023616,66.0693995945006,62.8966023072265
80.8898971045522,64.9549219719727,63.9808150615609
79.0521251521904,64.5439375978085,63.8583873483007
80.1194976134925,58.750269283824,63.8426427373046
77.1821438612986,66.1628437500061,63.0397865263768
78.2263868327424,66.798169760712,65.47405074848
77.9283661539784,75.8660870144768,65.1738676878198
72.2281374712447,62.3212710387785,64.6711748635155
71.6739239205575,59.2488788781748,63.5918457067516
71.3579605219526,60.8701516375156,64.0363715120706
80.8192858490583,66.4646271006203,64.9247938439327
77.7700258451363,64.522686805013,62.8737080057083
76.3709968893912,65.0282726005676,63.1925686119424
79.4750833980287,61.7203176197525,65.5179637848727
78.5375280270486,63.2744481128231,63.4996119492685
78.1593863140831,64.9960590929545,63.8112560651336
76.2727865402369,63.4377788390282,65.4248606930877
80.7507560081215,72.279782566661,65.2801258193721
71.3398743860093,59.7151549643098,64.0630485095288
81.2848372513779,75.5657023478882,66.2356998462088
79.5382203233415,57.8532993091075,64.9254751677973
77.371992070405,63.6587672632232,64.4617532359981
78.6853614269841,66.046556777518,66.285711555682
72.4371453364627,59.1201256602027,64.5416778333889
78.529458566915,73.0525921120866,65.8934383481342
76.7201909240292,57.8501083083755,65.6211985729252
79.4884525267492,76.1215095995095,66.0068055291077
78.7112609743529,75.4813553470859,66.8357937500961
74.4383610931633,63.1945606746566,65.7677511281243
77.7025632020278,74.4268190613529,66.1570834313335
77.9125472164906,62.4169823996026,66.6881364923096
81.0946006373494,74.0677344356689,66.4147296787477
72.0213729223618,60.4321913042979,65.0996539093477
80.1157104053425,65.1127747527523,65.4013380086055
73.8070600367483,58.9099834470794,64.821646904923
78.5580903536283,57.3100491291232,65.4765044555256
79.3715736068582,66.7831054509669,66.3534315943777
79.9675140976643,59.6284161751745,67.4655520390486
74.9281254649405,58.0710154984683,65.3243388214551
80.2203062105187,59.2198516719643,65.7629031732108
79.9086269641598,58.3768191234952,65.8662932838381
80.2777672931074,65.8355286347432,66.3243767656353
72.1381443440666,59.899345892161,65.2859375767528
74.9634901724215,62.1671553088114,66.7473788381735
79.4359093371631,73.4387524979557,66.7181068153836
74.1117858304992,62.6507204994775,65.9142365141781
73.6190476010398,59.8724861291643,66.0570312688621
73.3324162962956,60.5836762158448,65.8505782586715
74.4087056235972,61.390092382987,66.8458378130994
79.7731915184647,74.603440701846,67.0174075977834
76.9894076521542,62.1072978107931,67.6079051238503
74.6201576453177,58.4824040361422,67.6593476157345
77.7664877231351,57.3295724171473,66.7543588857057
78.77100987666,57.3400931914384,66.3764305547569
75.7381232900776,57.9750539979899,68.3877751746786
74.6805807564971,59.7044987099239,69.0462637504239
75.7193311763384,60.8019712970912,68.3855684929696
79.4466416363587,58.4741179099272,68.5626612933718
78.1654251609643,60.4807699259175,68.5057487831934
79.4281675354272,59.6194146756706,68.6169220756362
78.2611200405971,56.8052322653548,68.4670638143332
77.1630632489965,56.9904140582289,69.3096953582676
79.0160386780609,57.1580836404012,69.6830877244938
78.5655086008908,59.6576332782104,69.5872042784151
76.0139199050151,57.5922247044321,69.8980551862289
78.87564525027,59.1392548149201,70.106709002328
75.6273780289724,58.8945438145814,69.5660732710715
76.5104268004781,59.487597300942,69.1608173121489
78.3867658664031,56.7274544255658,69.8546070548708
79.0609580706612,57.8185437306739,70.9467023902088
77.6955477525989,59.1099767592495,70.9992600356879
76.4409723480302,57.0065003013561,71.3963905181852
75.8153045140398,58.2485694415805,71.1927350910623
78.1753034517605,56.9844239511386,71.3543752213333
78.2900851317218,58.4163523841651,72.1300941624278
76.6777054191709,58.212992109481,72.1810261129766
76.3667558857624,57.5367546301581,72.120983426666
77.5623473812203,57.5888312812601,72.3737242550317
