6.345780193217014897e+01,7.606239377796640611e+01,2.394308919494204702e+01
6.471832169926381084e+01,7.386784303926251027e+01,2.458603375108233635e+01
6.497946182849207730e+01,7.613453038959222852e+01,2.430640744223395444e+01
6.528039299137336116e+01,7.739782533050804147e+01,2.413114996112941668e+01
6.586927893253009358e+01,7.537042001109655587e+01,2.499911138662994503e+01
6.632800816543922906e+01,7.696065260106254868e+01,2.507328758276998926e+01
6.557071684650084364e+01,7.821260736129539737e+01,2.441183264925799534e+01
6.256510379589671089e+01,7.690337310918744151e+01,2.433883670227725915e+01
6.181188135547738227e+01,7.577233360561075415e+01,2.487777108597659748e+01
6.456548061653238335e+01,7.867195189980444070e+01,2.457222138075130857e+01
6.076974585176938604e+01,7.256376433256291136e+01,2.414682027223294369e+01
6.144054059677359447e+01,7.162411342775264700e+01,2.456551505727257734e+01
6.164604544849949974e+01,7.232646038034449987e+01,2.426914789471340939e+01
6.025026682883166984e+01,7.148238576002088962e+01,2.496296139221045962e+01
6.537021399085558926e+01,7.407770168856308146e+01,2.443749507363025941e+01
6.157351004186300969e+01,7.393304117500832717e+01,2.535020784835749907e+01
6.122319691401986574e+01,7.678731760567704612e+01,2.526587427466659364e+01
6.310672772464914715e+01,7.873708325217361903e+01,2.476109980216162043e+01
6.607152802001718328e+01,7.248042790502317700e+01,2.487056347762184672e+01
5.981483767345510216e+01,7.249201493466101454e+01,2.517981725269448035e+01
6.021784396817382401e+01,7.395466741879310746e+01,2.601067900323438309e+01
6.255595931099878726e+01,7.396720781756729934e+01,2.562093626066605978e+01
6.270858652676296430e+01,7.214506555979248503e+01,2.627625813887393846e+01
6.291242914571753175e+01,7.260127667130980456e+01,2.614516470887779676e+01
6.476107977535848192e+01,7.987517214137611177e+01,2.641992077470533218e+01
6.774199321564846343e+01,7.288897010980825542e+01,2.485770360912189147e+01
6.708699387495038025e+01,7.426239150315927873e+01,2.521573062954141875e+01
6.054940422806282641e+01,7.533344783373964049e+01,2.539008073338959903e+01
5.990073543375648057e+01,7.061569091120036035e+01,2.685009313940726372e+01
6.121066402389773486e+01,7.079765238670762528e+01,2.572407186562027448e+01
6.322402431480765017e+01,8.039163780086346378e+01,2.646191947032163228e+01
6.668704515000253252e+01,7.785348789242468115e+01,2.548664555650758956e+01
6.691860924003999855e+01,7.563620949932276005e+01,2.524393166693061730e+01
6.761103010116590895e+01,7.734156182524074552e+01,2.522556364993489098e+01
6.273806856817545707e+01,8.010645395576071337e+01,2.607082918476842082e+01
5.919329488500076053e+01,7.170046281182629855e+01,2.698055508151782433e+01
5.954932050772274721e+01,7.503951204197093716e+01,2.579966645564802974e+01
6.670347301095328874e+01,7.112052415827612606e+01,2.642261190205350729e+01
6.848864963968800623e+01,7.655699374830064130e+01,2.592065922055755323e+01
5.981126982190589558e+01,7.678999573642126109e+01,2.614375403261947284e+01
6.675364385631986863e+01,7.869609181882388782e+01,2.666984710366546452e+01
6.103915335023013711e+01,7.987949812899279323e+01,2.722310878890701247e+01
6.883531769025148606e+01,7.416848571918403366e+01,2.612596341852013992e+01
6.065009770009317691e+01,7.849547444128099016e+01,2.626076890814271891e+01
6.831570285816842159e+01,7.800072237785995810e+01,2.690757954489786030e+01
6.619002786302633012e+01,6.782631279981814032e+01,2.538531306908730301e+01
6.647105025788663113e+01,6.645234583264434036e+01,2.602712554369728437e+01
6.712772387075820291e+01,6.738025612312347334e+01,2.571400657620357677e+01
6.679441741442182945e+01,6.926753132475415953e+01,2.683747110867609109e+01
5.852094952667268757e+01,7.608364323749043479e+01,2.692491528660520572e+01
6.564082908721371723e+01,7.086319859934953058e+01,2.670488175793283503e+01
6.445780559022605871e+01,7.232284057851826731e+01,2.631870268547778480e+01
6.531543180976943574e+01,6.705155230339479999e+01,2.595156345799619402e+01
6.896995013563790167e+01,7.181034805834649148e+01,2.666542228246621704e+01
6.206527228497864002e+01,7.054583500110777550e+01,2.734106069693030250e+01
5.811569175733045256e+01,7.767397145250804158e+01,2.670603499609836717e+01
7.045075241749050576e+01,7.345735838418239894e+01,2.658225551217615390e+01
6.104582315567110129e+01,7.025076180645915258e+01,2.745899104131448354e+01
6.482855806454635683e+01,6.771470391662445820e+01,2.702096603956701770e+01
5.920310502608567305e+01,7.367766838260324391e+01,2.823649579125309117e+01
5.813854946580690353e+01,7.458480656476331205e+01,2.823303756080157001e+01
5.921560490963954493e+01,7.922618300778972866e+01,2.710587838148131823e+01
6.627123333908875225e+01,6.906969233217056114e+01,2.692906802225033402e+01
6.965800271911935226e+01,7.524263522975387275e+01,2.656365304293029439e+01
6.532204183158360422e+01,6.626776412001461836e+01,2.700458872673753064e+01
6.617468000451380306e+01,7.987572992235536162e+01,2.828369249215729297e+01
5.897942738342820945e+01,7.343376696957452054e+01,3.027120310385691937e+01
6.989889349394447038e+01,7.618354165762767138e+01,2.764417134256656539e+01
6.720538678657086962e+01,6.628409739032927916e+01,2.746605488013278062e+01
6.760991593447944581e+01,6.737342995077867158e+01,2.683387022945807487e+01
5.837162855584383436e+01,7.950364715712275654e+01,2.832313454042162348e+01
6.332589711952407896e+01,7.067495538931578380e+01,2.788245770009583069e+01
6.772903152706102503e+01,7.056976800870020838e+01,2.686063596500336459e+01
6.418466845106168250e+01,7.080046962035478941e+01,2.748375785535844784e+01
6.741150096365015543e+01,6.922938641842259244e+01,2.760398745301037593e+01
6.546524156880994383e+01,6.904510259620758461e+01,2.780509643053541069e+01
7.123379868226673750e+01,7.484846450440325327e+01,2.659483544726965931e+01
6.255723795566508016e+01,7.021259536964555537e+01,2.823670330602481116e+01
7.143713597302479457e+01,7.288514793424377558e+01,2.771712121399082562e+01
6.444604768739462486e+01,6.705653113963332146e+01,2.780543039518751058e+01
6.742933925889246893e+01,7.926895831529857617e+01,2.855733291484364145e+01
6.943961852981685468e+01,7.053642317754543001e+01,2.818093972894939370e+01
6.167103430099790984e+01,8.149820187996930088e+01,2.852031402524558601e+01
6.669598689506078415e+01,6.581010402226377209e+01,2.840340394878682417e+01
5.699389322160810423e+01,7.719264349187709229e+01,2.841318674323337490e+01
6.565128859638173253e+01,6.582103899076520293e+01,2.822336012687430795e+01
6.830069451737175257e+01,7.016665227965769702e+01,2.775233743053628999e+01
5.915753776707630607e+01,7.125609492174423565e+01,2.875135309973641284e+01
5.732015404727970775e+01,7.881612634058224387e+01,2.951556924631514534e+01
6.807130409340373944e+01,6.686465037751969476e+01,2.981364506995448238e+01
6.007750904774558620e+01,8.219079823305092702e+01,2.936185466078840633e+01
6.943252305162324944e+01,7.838631332008452546e+01,2.891994608126162802e+01
5.883526227951414000e+01,8.072087054440672205e+01,2.902206647603618350e+01
7.058677669841374325e+01,7.136488340667717978e+01,2.889807057942808299e+01
6.485298006550260652e+01,6.958161176820813409e+01,2.830227881470354134e+01
7.235432208484202476e+01,7.397888709611704883e+01,2.866021360653097716e+01
6.823279136307016302e+01,6.851360860830780553e+01,2.992518812563139363e+01
6.472956587515299987e+01,6.608793235413638456e+01,3.030997038462940552e+01
7.236304799065183602e+01,7.216978156542390366e+01,2.883760311637389862e+01
5.679803966059699150e+01,7.670362235885303903e+01,2.975054298943661735e+01
5.675866163354778848e+01,7.786907742520264719e+01,3.006728761891796253e+01
6.261071473623202621e+01,8.214899466378805926e+01,2.957147932527044176e+01
6.425244060975627747e+01,8.113733542433325852e+01,2.930311210207299055e+01
6.452855622489121856e+01,6.880844297298628476e+01,2.964069152366103665e+01
5.934811635854559597e+01,8.255731443855067653e+01,3.006908045117858208e+01
5.872259017231513667e+01,8.192453985005367656e+01,3.005835375573928658e+01
6.150069491618867090e+01,6.984035056221641469e+01,2.985776552515467941e+01
6.400896969565738459e+01,7.017355471335709183e+01,2.869122690771675721e+01
7.250972094455633510e+01,7.533238971114130322e+01,2.955333729779785301e+01
5.976467966671115306e+01,7.054890756263128537e+01,2.937164793633728621e+01
6.684734818401011580e+01,8.022060466404377621e+01,2.966481268077296107e+01
7.080904955264888656e+01,7.697403033467826106e+01,3.046406188709772778e+01
6.841992978129385961e+01,6.920528078385802928e+01,2.984520465190407279e+01
5.792624885574337412e+01,8.044125947618978500e+01,3.070256599442213741e+01
6.348316213801246022e+01,6.995252703201899180e+01,3.116005764037183923e+01
7.031738464899994767e+01,6.952202482715939880e+01,3.005908437914302311e+01
6.415682303212192039e+01,6.966653065192299721e+01,3.032410253255184074e+01
5.999140453647584792e+01,8.291469436343052735e+01,3.087627646493586298e+01
7.004576334658227665e+01,7.875368685780749445e+01,3.061900626490025701e+01
6.873423044353859268e+01,7.950740448632303981e+01,3.020964430724052363e+01
6.604656774216495307e+01,6.566047222809899608e+01,3.081687174214121328e+01
6.744200130183403985e+01,6.606634000442045362e+01,3.068590936984467987e+01
5.783503724517996147e+01,7.443810360778863355e+01,3.015713483497802372e+01
7.250634499299498259e+01,7.131354962831608191e+01,2.999240655930723420e+01
7.292076449219047163e+01,7.223512571167692897e+01,2.936893470565745901e+01
6.586874059480591370e+01,8.064962586907142850e+01,3.039456879874622786e+01
5.810441039580127409e+01,8.382666699943479216e+01,3.025554589362001678e+01
5.730537569641294482e+01,8.308820712486179616e+01,2.950261284302839115e+01
5.696971819379032098e+01,8.379253439313970375e+01,3.011411460203368406e+01
5.653540632242125952e+01,8.277864993417315986e+01,3.093320815095843557e+01
6.426165075479464406e+01,6.751454495292480829e+01,3.055504646778369349e+01
6.434010569986379835e+01,6.685242423330542749e+01,3.137590968650097167e+01
5.670783920975598846e+01,7.667168247328470443e+01,3.103490871067797485e+01
5.939172896858318751e+01,7.118713197202411891e+01,3.080776003216805847e+01
5.735810145064776577e+01,8.452559775117595109e+01,3.145756024916665083e+01
5.795211781273921048e+01,8.167112017928710088e+01,3.103758533735087255e+01
6.317434714673289164e+01,8.269819927089099565e+01,3.352939944251833282e+01
6.749432248252030320e+01,8.086062657200913861e+01,3.127212654588800333e+01
5.924369091079675087e+01,8.380341872063046083e+01,3.214701043511315959e+01
6.181065836875852426e+01,7.003951859258096135e+01,3.158819564105554178e+01
7.374551326672158780e+01,7.518911134357711035e+01,3.125799398298079979e+01
7.216470525192707441e+01,7.004477082234440388e+01,3.164832275521732541e+01
7.308649830653052959e+01,7.585083136887222111e+01,3.063968407577271336e+01
6.835265550994991202e+01,6.860148003272048811e+01,3.180839346119697453e+01
5.639643731281975647e+01,8.408392216644455175e+01,3.182204566691475023e+01
5.967838728552078464e+01,7.206652256658441047e+01,3.199500608500104448e+01
5.665308024680211929e+01,7.786400127531217663e+01,3.089275272010144491e+01
5.735788401923651492e+01,8.027923907628026257e+01,3.275352648891551866e+01
5.749079615029872059e+01,8.166191080177418371e+01,3.328794739814309622e+01
7.384502961007767396e+01,7.370254991258038046e+01,3.150310656131983933e+01
7.423449025230499387e+01,7.503684450601575406e+01,3.196405878233005993e+01
5.826957593532847568e+01,8.451714366878228191e+01,3.264219388426173651e+01
5.838422198975212041e+01,7.413992911325729551e+01,3.278960575518969733e+01
6.494918047934230287e+01,8.146085703271647560e+01,3.345508961459451314e+01
6.441181926685432302e+01,6.913181275821717975e+01,3.179743186034563251e+01
5.647236407800277647e+01,7.681413507795231510e+01,3.300122356337814011e+01
5.671401508348870379e+01,7.878789360406777575e+01,3.232226482766044029e+01
7.104459140024985686e+01,6.917146175084678816e+01,3.226637114141949780e+01
7.084720082319518042e+01,7.889809486866241173e+01,3.156914228144797718e+01
6.953283078886583723e+01,7.980037232012327308e+01,3.311665015109807797e+01
7.322785651235378168e+01,7.718328195831718119e+01,3.168743416055837514e+01
6.003392383971817736e+01,8.329114450308293272e+01,3.372573269394128914e+01
5.679506523332064205e+01,7.605463706558903425e+01,3.308269800567566676e+01
5.630816179398130572e+01,7.793066601648904168e+01,3.362106015808586790e+01
5.617365177867191761e+01,7.686609230652608460e+01,3.599040262976878068e+01
7.370061860214740079e+01,7.198422978050876964e+01,3.215666152896962160e+01
6.156015993338793635e+01,7.067427281220989244e+01,3.252162174301335540e+01
7.358307799275651462e+01,7.695497702036161058e+01,3.185622632048093905e+01
7.201958251544067480e+01,7.876985947889461670e+01,3.209683525055668696e+01
5.937427686665077431e+01,7.284507987480672853e+01,3.270693251008896141e+01
6.577841363916597572e+01,6.586297083071251279e+01,3.286391058506796270e+01
6.768699822862872395e+01,6.663780487249283624e+01,3.228715584664846716e+01
6.329959662759141992e+01,7.011296434805143463e+01,3.316856692726899070e+01
5.633547836641905349e+01,8.296005523866304543e+01,3.326638178327530682e+01
7.448356728549778438e+01,7.292376612338563291e+01,3.280333648393366985e+01
5.740144779244717199e+01,8.154480846605048328e+01,3.465661248545892903e+01
6.451992296304530328e+01,6.695645135750162069e+01,3.267653625852951649e+01
5.627569986237830335e+01,8.352270762445510854e+01,3.416830228813388004e+01
5.700803424773161510e+01,8.454003229148615617e+01,3.405481778730152342e+01
6.506044997647049399e+01,6.674494707539211902e+01,3.364419694482988632e+01
6.806953363607985352e+01,8.110501045667020037e+01,3.487813787696291001e+01
7.425827907138936723e+01,7.804885152575901941e+01,3.306962282753288207e+01
7.539767354907453978e+01,7.904383317356402472e+01,3.496736532050134372e+01
5.651636952510697398e+01,8.011316973984556000e+01,3.591839687605278186e+01
5.804095025100846073e+01,7.454788614879738873e+01,3.379065374316464698e+01
6.195546218937543159e+01,8.294613923509609776e+01,3.505547266241178050e+01
6.605248140436849269e+01,6.636592271573769608e+01,3.374826189009856137e+01
6.820136299037457661e+01,6.866225247993888559e+01,3.372555546543344462e+01
6.936108850380422552e+01,6.867828319673407123e+01,3.351071170648599207e+01
7.238365760660182957e+01,7.976995722431200875e+01,3.344661570081800051e+01
7.124828847601054349e+01,7.972796486751714440e+01,3.328828251061022314e+01
5.945423368616124549e+01,7.289067876993208017e+01,3.322617791812557897e+01
6.191767140257065449e+01,7.098249733006848317e+01,3.426203676242668195e+01
7.422835360642905300e+01,7.079740163772062544e+01,3.387765792468118065e+01
7.338364446587030443e+01,6.902752372418649429e+01,3.324966946761735187e+01
7.561225530076308132e+01,7.454634053559139772e+01,3.288565799621407848e+01
6.493685678529696759e+01,6.871151618517447446e+01,3.331816964870682796e+01
5.832627689019345496e+01,8.413960887605921357e+01,3.442107423813821043e+01
6.554224223980575914e+01,8.149144334530582512e+01,3.448739069916343425e+01
7.547973320564656774e+01,7.750208835352702863e+01,3.403338767243533880e+01
5.745863493340959849e+01,8.234910943276015871e+01,3.518839340357460088e+01
7.639791838674001667e+01,7.438419428550545831e+01,3.374896681497016715e+01
7.243661962492377882e+01,6.819237606057559731e+01,3.481249156736950567e+01
7.409662917911437319e+01,8.030296686659626459e+01,3.518173680766202693e+01
6.397854214563298569e+01,8.281237274018319283e+01,3.596446499211734960e+01
6.485622343904455533e+01,6.920132359436834690e+01,3.404764817591446757e+01
6.697491008939162782e+01,6.697064109384535868e+01,3.368927831776767334e+01
7.411340981569804853e+01,6.870612802890065041e+01,3.506274860030518425e+01
7.549677490725713369e+01,7.001097457934605472e+01,3.634636328694312368e+01
7.618575177732682846e+01,7.651590730462770296e+01,3.437185730255917093e+01
6.569612777879379450e+01,6.842080053114236193e+01,3.438401539339277235e+01
5.693893322511366506e+01,7.560858904380046397e+01,3.671515606371031737e+01
5.594413383830563191e+01,7.802123785490971386e+01,3.672828735197354888e+01
7.002540180801707947e+01,8.048068663331477524e+01,3.506078996973349149e+01
7.224402966941862303e+01,8.094277000198110272e+01,3.481508327410714543e+01
6.677039343297910534e+01,6.844018508671767620e+01,3.469043393073544479e+01
5.690141921921343737e+01,8.379800831106858539e+01,3.532908603717402229e+01
7.640290009870537347e+01,7.300179363998168469e+01,3.499176352722633965e+01
6.571292274999171923e+01,8.232568039678461957e+01,3.762201584758005168e+01
7.679039912550767610e+01,7.456459769834287954e+01,3.438804394469980963e+01
5.912637491074735863e+01,7.328041396104160299e+01,3.764022408819383259e+01
6.450332922613559106e+01,6.968942555812758144e+01,3.586878902246630219e+01
6.620956964036447800e+01,6.851993491140608228e+01,3.479726918233546229e+01
6.594371715317511473e+01,6.901487339922063313e+01,3.574205513463168415e+01
5.907646577228503304e+01,8.310256255541357007e+01,3.567642807023671025e+01
7.125457800440395317e+01,6.787713915211359961e+01,3.671783620112115898e+01
7.055290782225303303e+01,8.141409930123268168e+01,3.654670522214298956e+01
7.690586627973961242e+01,7.885683792891137500e+01,3.626832693102043237e+01
6.150160562786084739e+01,7.142546943261699255e+01,3.652803933458319818e+01
5.779484549763123624e+01,8.252488324040443501e+01,3.600976937967161717e+01
5.793507608518598317e+01,8.297524777963229781e+01,3.583648545390743578e+01
7.468438698777411844e+01,6.872370191691527452e+01,3.611987784441193838e+01
6.039323737860463126e+01,8.283821491132408710e+01,3.596396112888917429e+01
7.680403073430244376e+01,7.629849371334486818e+01,3.535726583065734729e+01
7.432691842807187754e+01,8.128281758193166695e+01,3.648699554995648953e+01
6.809045496690383459e+01,6.886234866528674559e+01,3.516843418174171632e+01
7.437598968091630525e+01,6.805744237413379949e+01,3.708546168501367646e+01
7.763807196636668095e+01,7.468637806369406462e+01,3.678922942331153934e+01
7.780504473123228593e+01,7.627234863738316051e+01,3.812504160973987410e+01
7.670684026610526018e+01,7.181790006174851726e+01,3.635934891427165638e+01
6.758738323628571720e+01,6.901640666306673211e+01,3.654121108105628934e+01
5.835257334282584907e+01,8.234500689546747765e+01,3.704581819207447779e+01
6.604613671394329799e+01,6.928980014397862419e+01,3.726343987643984690e+01
6.677431369351438661e+01,8.185385708682534300e+01,3.721238910517867993e+01
6.899732008820963358e+01,8.143541948971356703e+01,3.695909618387324258e+01
7.675980927615779592e+01,6.686748942705808929e+01,3.550746609307775969e+01
7.568273894477111696e+01,6.671018774072076951e+01,3.562958070300449265e+01
7.674077318140312798e+01,6.611756769235088882e+01,3.577162904758279183e+01
5.989778407180939723e+01,8.206300376510058925e+01,3.811096310964649092e+01
5.883571258668148118e+01,8.146657378442147035e+01,3.894849531566139689e+01
7.217610044464427688e+01,8.203400632128447967e+01,3.686394976514011290e+01
7.725614796183864996e+01,7.207668736784803798e+01,3.716328554773661352e+01
7.551108252181850844e+01,8.092199238049290955e+01,3.644649229905424903e+01
7.726818078831774983e+01,7.731559320466209329e+01,3.652654470510288576e+01
5.720205390155979330e+01,8.106985422456187962e+01,3.833476208147265396e+01
7.511254288259387124e+01,6.791300068169435633e+01,3.714859302608059011e+01
7.606230965496564522e+01,6.551091419499499580e+01,3.685265985186639881e+01
6.431409936352119416e+01,8.293282294294419899e+01,3.868085455539081607e+01
5.684164754122051022e+01,8.076628373819046658e+01,3.758765761872530220e+01
7.202204979315301614e+01,6.771325501617694442e+01,3.726167207852812169e+01
5.616503597366396150e+01,7.750422858193321929e+01,3.725050523711024653e+01
5.674818006492026967e+01,7.902178107341605084e+01,3.830744493430186282e+01
7.777367736342080207e+01,7.865684058341190621e+01,3.728355075561893273e+01
7.735390478491493127e+01,8.036708444530340500e+01,3.791944006913178811e+01
7.748555053212086818e+01,6.616720861169949330e+01,3.730358685646645256e+01
7.511034683693237923e+01,6.627375842945215823e+01,3.670491969884077577e+01
7.477355796308793856e+01,6.742093055304616200e+01,3.726532879149469579e+01
6.182020789570298547e+01,7.120175867993864927e+01,3.785661022773444984e+01
6.046304560056866251e+01,8.214007598857082826e+01,3.873356434452363573e+01
6.380470154675793282e+01,7.011896682454657537e+01,3.794144676579865916e+01
7.706499061226158176e+01,7.059861461494070056e+01,3.865478401169095690e+01
7.713205347912114007e+01,6.744716898718590414e+01,3.677961235235234483e+01
5.790759718636523701e+01,7.504207968180364219e+01,3.890448593830024748e+01
7.702975141173166662e+01,6.553929833812260597e+01,3.798513987144436754e+01
7.766166050418644318e+01,6.705056616394055879e+01,3.863322393533019294e+01
7.609922637144767066e+01,8.195401097371154719e+01,3.884264781531188504e+01
7.401135489217311658e+01,8.246935315674690514e+01,3.847995211877965716e+01
7.503282118174898585e+01,6.552143055595003318e+01,3.873080732224799050e+01
7.600598308593994545e+01,6.513765467480266125e+01,3.917547206792190195e+01
7.807935465437071798e+01,7.502056009513182744e+01,3.857099021745582945e+01
5.755148371171841859e+01,7.783835941053438034e+01,3.946490329184757684e+01
7.573437518503891397e+01,6.866744038543450301e+01,3.785273719108578661e+01
7.028052633160089613e+01,8.234412116680199745e+01,3.971805384504231284e+01
6.903038969956942594e+01,8.172329203107443618e+01,3.830191635375292236e+01
7.698433029097351721e+01,6.839233682857813790e+01,3.907559993199841841e+01
6.712840070877454934e+01,8.216968185966540261e+01,3.960777579552758709e+01
6.956656794411175326e+01,6.849536879052506322e+01,3.856760929214969735e+01
5.937099819509982979e+01,7.350137096874397002e+01,3.975444075202982930e+01
7.218705402324215470e+01,8.266183706643018070e+01,3.883696101103978293e+01
7.774729682921443441e+01,7.205968369600941514e+01,3.897849390792642765e+01
6.586412603196997395e+01,8.257110560636280638e+01,4.053114394108775542e+01
6.252382739927423927e+01,7.075765179921806691e+01,4.094627443250526966e+01
7.223054195948165557e+01,6.737559177858213388e+01,3.870123583624653207e+01
7.127856319771083804e+01,6.767864364174917569e+01,3.821312693166897390e+01
6.605776791164572614e+01,6.942705108178171258e+01,3.895489703921148816e+01
7.812073299171991891e+01,7.687851961999137984e+01,3.944123162585602671e+01
7.749489700824535987e+01,6.586155497184766716e+01,3.837905705928773870e+01
7.816334862859027055e+01,7.938127197374306832e+01,3.882096359586526546e+01
7.398740322251498469e+01,6.662824530187320704e+01,3.950798257799054625e+01
5.937625036995026306e+01,8.070872648808087035e+01,3.979244508943958181e+01
7.717939276170021401e+01,6.545088615808053589e+01,3.958432135095244320e+01
6.240207665312659913e+01,8.262022242594012766e+01,4.013390029362786038e+01
6.896798418643068374e+01,6.846137938881504681e+01,4.068241808904649304e+01
7.105223927598200362e+01,6.740245323601085659e+01,3.960720356203309223e+01
6.479598604425409292e+01,6.969541389635318751e+01,4.025026690746292246e+01
7.671058324644184268e+01,6.943109943266257744e+01,3.877884156438476282e+01
7.708043332621686261e+01,6.929403679164494179e+01,3.984222515672156106e+01
5.844593938807304312e+01,7.652868430333002436e+01,4.060249334674890775e+01
7.396549817377822933e+01,6.620016091375640599e+01,4.064617089557324903e+01
7.756214039463061738e+01,6.626942134941064921e+01,4.037318209849013328e+01
6.907337582116041119e+01,8.209653500520732905e+01,4.062567587139270842e+01
7.809137318378330406e+01,8.108829193606730712e+01,4.094498958904611641e+01
7.397721259511436642e+01,8.347888165314590481e+01,4.009454941321852317e+01
7.724035348016207081e+01,8.235066595740428852e+01,4.079159490435327484e+01
6.042003457190294569e+01,8.095582021779171100e+01,4.063870358814681083e+01
5.904707267416195293e+01,7.431871595314557055e+01,4.047003536350075592e+01
6.181847262093176454e+01,8.203237855529388867e+01,4.083464246643633544e+01
6.595025126379539415e+01,6.930091261591616103e+01,4.031800607358047728e+01
6.357100188484517389e+01,7.006899593913223612e+01,4.190682584897392360e+01
7.202530822394591326e+01,8.343183616569140781e+01,4.130110992293393224e+01
5.945639715797568670e+01,7.885699885465605519e+01,4.144353896182068553e+01
7.824341588292134020e+01,7.310710870327702082e+01,4.085080244737666533e+01
7.672651299331727159e+01,6.533691729455588870e+01,4.073109042048733386e+01
6.147582597166273644e+01,7.154795177343410728e+01,3.992333167936692462e+01
7.560528968440767983e+01,6.515655991539998126e+01,4.035832576073243416e+01
7.698548736591145314e+01,6.844198599459447507e+01,4.133726214374686947e+01
7.795906467998861444e+01,7.057629102622152573e+01,4.192756544817653008e+01
7.603105392960682707e+01,8.400464817962291875e+01,4.175899615445879220e+01
5.914451691680592660e+01,7.730022906219468837e+01,4.189347839262376993e+01
7.747582242407561637e+01,6.730243188947824251e+01,4.126194527217749908e+01
6.870230915489530332e+01,6.841723459349259429e+01,4.143216019813890938e+01
7.837240552611439171e+01,7.488561359851784971e+01,4.138156816994337106e+01
6.002191734626475039e+01,7.330423512759213622e+01,4.169721137865505511e+01
7.872184252719293340e+01,7.832500672086688098e+01,4.276604736119845995e+01
6.095299437880790094e+01,8.054418321065664088e+01,4.215536197852554068e+01
7.078360145637576295e+01,6.689573353724635751e+01,4.098183246179814176e+01
5.909996755468376506e+01,7.572759416832147394e+01,4.215963657110521012e+01
6.373904756275721439e+01,8.267277309784624606e+01,4.163127077722656111e+01
6.106861587656082691e+01,7.227700833015124715e+01,4.310967107378009189e+01
6.715878158967609579e+01,8.212960759619866735e+01,4.145891635619840798e+01
7.462653409387645809e+01,8.433136739589708952e+01,4.249524888683324519e+01
7.852838182799295907e+01,8.192125016544073901e+01,4.217096489775169488e+01
6.340419815388375469e+01,8.188364431064393045e+01,4.269489520704357943e+01
6.701932811030010839e+01,6.825865905797436994e+01,4.349840042936515516e+01
7.864133080706312739e+01,7.179077551737437091e+01,4.286512094785688731e+01
7.764585491151630947e+01,6.664316866056907429e+01,4.200673935633236056e+01
6.816460907219260434e+01,8.215657634411105903e+01,4.284582154006291432e+01
7.884845333211882235e+01,8.019224506398151675e+01,4.311027961175189205e+01
6.416349695657399366e+01,6.961486522429727586e+01,4.247096967167609449e+01
7.440564443267247441e+01,6.563397894562261570e+01,4.340239072220815331e+01
6.400137358243387098e+01,8.225907376620240541e+01,4.250580028421622103e+01
6.969582484080486040e+01,6.747419986307346562e+01,4.122770841900850769e+01
6.550907528361435084e+01,8.213263909015657305e+01,4.336480672907566003e+01
6.978056265135909086e+01,8.250141335949803079e+01,4.202942988921058287e+01
7.630572373123050056e+01,6.556200688191734116e+01,4.293164444920212475e+01
6.564497981685983063e+01,6.856138844705994018e+01,4.327565482645906059e+01
7.700427606059537311e+01,6.599555947266523503e+01,4.295412220954050753e+01
7.876100566740991837e+01,7.400347372175261285e+01,4.183885326010944539e+01
7.063496145030009643e+01,6.639905638749297623e+01,4.166179879028576494e+01
7.246603738202180978e+01,6.553674983230973794e+01,4.313490405549669759e+01
7.623778616108069173e+01,8.492634542873456382e+01,4.296460564470360310e+01
7.887419473189396513e+01,7.529590200990311644e+01,4.298531297966750486e+01
7.354803592610535645e+01,8.439754773088355932e+01,4.426118219673812604e+01
7.088602995179664390e+01,8.355493067287795839e+01,4.470789722926780030e+01
6.279801825351363931e+01,7.072985877265919896e+01,4.397266299702913273e+01
5.996649179829592669e+01,7.431671824901746959e+01,4.423223275659814391e+01
6.806338659392777402e+01,6.787160665557871653e+01,4.309850483486767558e+01
6.086575290524174164e+01,7.928217588211087730e+01,4.383650034424213260e+01
6.971618739909541773e+01,6.590446349319343256e+01,4.214863094243219876e+01
7.762157379726640727e+01,8.406725624640634464e+01,4.298432859053915678e+01
7.731313800650083579e+01,6.843939070673108915e+01,4.282974725686450768e+01
7.959715709420609642e+01,7.364515406476679971e+01,4.359238394548639661e+01
7.900249261735200434e+01,7.946453751651129949e+01,4.412740457520812498e+01
6.916745842272759148e+01,8.265759378577338623e+01,4.476751747844301121e+01
7.813742251950917250e+01,6.720418641775364677e+01,4.225644034905703705e+01
6.228486047540967974e+01,7.182205795046918695e+01,4.442871726887234729e+01
7.013993788907748694e+01,6.531498796686219066e+01,4.295319310483193220e+01
7.786610444488847804e+01,6.639602324521628418e+01,4.316710384974045667e+01
7.800464916889768574e+01,6.934701494357848617e+01,4.325407402193956585e+01
7.134998259389716679e+01,6.539942486322972570e+01,4.350246619999295916e+01
6.315900243629531019e+01,8.013146234955485170e+01,4.345879626103023696e+01
5.987627590461912774e+01,7.564621418761271343e+01,4.457634908105776361e+01
7.899894322147912362e+01,8.338088684272662476e+01,4.391535782759291351e+01
6.676035470022958407e+01,8.148321105372542661e+01,4.454497348653975308e+01
7.930198704817166799e+01,6.746274800390864357e+01,4.343045111516197920e+01
6.487164824953656250e+01,6.908910741438438663e+01,4.479081433150174263e+01
6.425558541465869666e+01,8.158749363009795275e+01,4.362095837794003472e+01
7.853546224338434456e+01,6.596551170529444619e+01,4.369859213398812869e+01
7.932837923605423214e+01,6.614164364105818095e+01,4.396366840217144301e+01
6.936461646748703913e+01,6.530125761977761556e+01,4.321464408025101989e+01
6.555194042112685793e+01,8.163973230354199018e+01,4.466972449608540785e+01
6.842718147572436749e+01,6.661117845546867500e+01,4.349602415025964319e+01
6.508087328575089714e+01,8.134344486828636889e+01,4.492311228116914634e+01
7.944581053791067404e+01,7.044435680571156411e+01,4.519353646183262896e+01
7.480103278314268778e+01,8.525266866962779488e+01,4.358089332818747152e+01
7.688326431917619175e+01,6.550930793463130897e+01,4.414518686787226187e+01
7.296017799146274285e+01,6.502348685897362657e+01,4.467460514817270933e+01
7.565634692070052836e+01,8.643301914771552674e+01,4.337573812691828579e+01
7.735911668106851380e+01,8.603206798615296691e+01,4.318606997311601248e+01
7.993147797924267195e+01,7.413680064004104509e+01,4.520054457010115101e+01
7.013694832386286748e+01,6.456309509572979266e+01,4.460739564923225942e+01
7.147819373560622580e+01,6.458052114617657935e+01,4.544471951174326563e+01
6.847025467762070150e+01,6.542763908152605268e+01,4.508721243698068548e+01
6.984209516981778165e+01,6.422532467352500873e+01,4.519767402734578354e+01
7.680619533255392639e+01,8.730360816949480807e+01,4.429665549733472574e+01
7.886793303158971469e+01,8.511223836294254852e+01,4.409826135148079373e+01
7.905169814186714916e+01,6.926675329300248052e+01,4.470528441387916985e+01
7.935647921840696029e+01,7.542727931624138193e+01,4.523161250067021655e+01
6.776537822787292953e+01,6.724560531598113755e+01,4.492813047102848145e+01
6.814153017283807401e+01,6.585720554822410122e+01,4.537017941483009764e+01
7.898107486390922816e+01,7.781420566847656062e+01,4.374584545379696721e+01
7.986529884925522538e+01,8.197543630666976355e+01,4.474629683981171979e+01
7.961341172576526048e+01,8.412240012641647979e+01,4.507521191822750950e+01
6.692742103319064029e+01,6.792870065144832381e+01,4.558095467203032314e+01
8.010443269916575559e+01,8.110379253378903286e+01,4.545359265276649552e+01
7.460480525200959789e+01,8.646129620829702844e+01,4.465517930338236852e+01
8.043794178585511645e+01,7.200375393070383723e+01,4.625907203203943396e+01
7.957983178138260882e+01,7.782249360250233394e+01,4.688889853897961046e+01
6.380079323856876528e+01,7.013749021618433233e+01,4.438135253693105398e+01
6.314237127727280097e+01,7.094885909748029462e+01,4.517770045670205548e+01
6.420338384588545466e+01,7.019016091242569644e+01,4.532392796656485245e+01
6.282578891467429827e+01,7.888634366779380969e+01,4.613945798441047685e+01
7.577667814744843611e+01,8.747158328093712498e+01,4.503379220134559802e+01
6.520161975849424607e+01,8.042889181461791281e+01,4.692966942191357305e+01
7.368918616175240288e+01,8.483504945506568617e+01,4.528896696460503790e+01
6.589531114823677171e+01,6.856687715302612673e+01,4.549768977688100335e+01
6.932079907234900418e+01,6.430862479640711626e+01,4.609461635079355801e+01
7.809785867221951605e+01,6.518903750592318147e+01,4.403511447000074952e+01
7.964593842460884332e+01,6.383646002541859588e+01,4.359225391507546732e+01
7.919934541046212928e+01,8.625586874373512103e+01,4.522533495582455743e+01
7.921971384287031981e+01,8.747722584054822903e+01,4.679351480243992256e+01
7.730561914080165309e+01,6.526552644512673851e+01,4.466549880245096205e+01
8.072841396469982556e+01,6.459047515814167184e+01,4.451714718736628384e+01
7.588930526506609908e+01,6.514121796354390881e+01,4.543887246857669737e+01
7.837751244776401904e+01,6.358061580286239689e+01,4.411591130825749474e+01
7.955579183074178218e+01,6.898402809550137249e+01,4.606227618853176153e+01
7.987827170231628315e+01,6.608079011165520456e+01,4.472646708831129558e+01
6.130407200455455552e+01,7.820134450081724253e+01,4.518300992437038133e+01
6.175762182030791791e+01,7.409664456893237627e+01,4.585767924044422017e+01
7.300595212575136372e+01,8.449136326437773903e+01,4.591029601082613709e+01
6.120962634370861366e+01,7.607365797503683780e+01,4.599416450296718750e+01
6.667852818054328168e+01,8.102851497550111048e+01,4.628232324434810607e+01
7.934290237112702471e+01,6.290351430202174754e+01,4.519545773697407753e+01
8.024909547544380928e+01,6.352966643295690119e+01,4.448166959517850927e+01
7.678067066545031594e+01,8.796654438607198756e+01,4.564369208940814815e+01
7.221202809803196487e+01,6.407413205514221488e+01,4.644839978809439884e+01
7.375091111228491059e+01,6.441524527996060101e+01,4.585693744690558304e+01
8.042038723151364366e+01,8.211075464133641333e+01,4.613444930802005217e+01
7.543915221887843359e+01,6.430551556042726702e+01,4.631811987922104379e+01
7.679706893997726525e+01,6.424184176371312560e+01,4.655974706290509602e+01
7.773176730193318917e+01,6.257509188540262812e+01,4.643859888293971494e+01
6.330066086448310614e+01,7.200727537853090610e+01,4.646279335467043126e+01
8.102156707243588585e+01,6.517733476646361623e+01,4.573687622546422915e+01
7.418235366346891624e+01,8.676305443354286240e+01,4.637519702387600518e+01
6.460352594743018528e+01,7.033506341333101375e+01,4.641044761680170438e+01
7.046379406553971592e+01,8.327524825368824679e+01,4.709039219141794064e+01
6.798953261569836570e+01,8.183229654558098787e+01,4.675717161811579814e+01
6.731590489788204934e+01,6.720956660245133207e+01,4.737341304825503840e+01
6.255778151447145774e+01,7.684496536036833447e+01,4.673242754834522117e+01
8.035216506327590480e+01,6.637290200224164494e+01,4.653070220733058449e+01
8.015051272592336318e+01,6.998950699068171843e+01,4.779943004714825605e+01
6.282945887190507506e+01,7.491976196903699758e+01,4.681767311469588577e+01
8.135413308092364559e+01,6.375001194431741425e+01,4.762913432318195817e+01
7.535868851972922755e+01,8.792470535701845336e+01,4.692386230838110350e+01
8.099636018271007742e+01,7.293586537552641857e+01,4.803320234681814327e+01
7.035244011074178161e+01,6.266229944693181864e+01,4.603040211040535468e+01
8.063000128929603250e+01,6.286018555923769924e+01,4.780988489204938219e+01
7.996422419322827579e+01,8.508780444150376354e+01,4.668137218829437529e+01
8.007212337372024535e+01,7.558686156027985703e+01,4.744895688657740607e+01
7.966425873266707924e+01,7.834270519122064513e+01,4.772652665812393735e+01
6.564160361257030729e+01,6.956244006726362272e+01,4.802500734721780162e+01
6.955106053172546865e+01,6.314716231907869570e+01,4.602971264147318209e+01
6.364383537613746000e+01,7.851112709944139567e+01,4.735017799911291547e+01
7.855116321100878451e+01,8.807289859342839122e+01,4.766328563297356880e+01
7.941719443900315412e+01,6.232568775208304857e+01,4.737802764519368992e+01
7.138680732130325168e+01,8.414982733772760071e+01,4.731122948720471300e+01
6.662297265781482736e+01,8.022857354275576824e+01,4.732410375967985772e+01
8.059618308204399284e+01,6.661731160500865201e+01,4.833322754084650086e+01
8.036380051139974512e+01,8.477945920434623872e+01,4.807337317585494674e+01
6.966753303738826730e+01,8.225226734012470331e+01,4.804163328247195608e+01
7.173184097973741302e+01,6.279056754938267204e+01,4.768669802769812804e+01
8.017913812696134812e+01,8.689573051606220133e+01,4.743448056065935248e+01
6.335112229062008993e+01,7.341181977331211783e+01,4.737214838054227073e+01
6.659476375250497426e+01,6.829930889460590038e+01,4.689361540667469086e+01
8.146432808365587164e+01,6.516742464758851838e+01,4.809586595263581899e+01
8.028333953364358422e+01,7.967368565899845123e+01,4.922115090403269022e+01
7.619893030820492186e+01,8.837615107831567229e+01,4.769190880665867383e+01
8.008838935910623036e+01,6.909864404727490239e+01,4.836966785584787232e+01
7.638282923860876394e+01,6.354334769264163896e+01,4.772652965977534478e+01
7.438293395718272905e+01,6.338611667479383271e+01,4.654496356658388834e+01
7.360452032282952928e+01,6.266908371512148079e+01,4.722004867061734501e+01
7.322587475034887916e+01,8.506969909620707426e+01,4.841054876863697132e+01
6.890730068076743464e+01,6.466703437367974061e+01,4.775098112880122159e+01
7.506895519801369687e+01,8.828003675557587826e+01,4.940410211125269058e+01
7.533466797894919864e+01,6.226291001468067066e+01,4.769742417608902230e+01
7.935631947906732364e+01,8.988810114942882024e+01,4.647392857846428882e+01
8.035701230397823736e+01,8.857781223936883919e+01,4.591022604379483596e+01
8.036188715652318137e+01,8.974632058300124982e+01,4.604852280406329612e+01
8.165443525876824538e+01,6.441456063090801365e+01,4.866939366231270014e+01
8.157071747043768539e+01,8.925109858746698421e+01,4.679320319989803068e+01
6.433178956601889809e+01,7.697756890423244158e+01,4.795713905266570265e+01
6.896614377049577627e+01,6.347878040809587930e+01,4.797092435814413136e+01
6.951873021825068122e+01,6.249652273084686271e+01,4.712837856514241963e+01
7.125938941307455821e+01,8.408004727842207160e+01,4.831398273868384763e+01
8.133446757028275442e+01,8.801592788196259676e+01,4.649149717125069259e+01
6.508493033472805678e+01,7.143161859049060070e+01,4.801181402598524528e+01
7.056669559722581653e+01,6.218517125153752545e+01,4.913002538755372939e+01
7.119343642132305661e+01,6.235462566050349409e+01,4.850757054201992702e+01
8.148813319058655225e+01,8.988818773495580672e+01,4.766752003831988560e+01
8.012195027887790388e+01,9.061240646322556813e+01,4.748652039313412843e+01
7.964109848605694708e+01,7.744231013952361309e+01,4.798155575739317413e+01
6.579995016507139383e+01,7.021311875771459654e+01,4.914044539672616452e+01
6.783011732480105138e+01,8.092493541384197897e+01,4.866294987655346205e+01
7.500341700006100609e+01,6.184011614411566171e+01,4.794963131933355527e+01
7.867711521221301041e+01,9.002516898734545236e+01,4.762208134974017071e+01
7.898588078482080732e+01,6.195936857856563051e+01,4.771403470833409699e+01
6.426875061183885407e+01,7.498211009337299515e+01,4.730938923879821800e+01
6.461312652499194087e+01,7.353308526337394824e+01,4.841771402372000921e+01
6.576655933839181500e+01,7.765338204576036674e+01,4.733760499638240304e+01
8.197765959826165272e+01,8.814952779528017857e+01,4.762451109976841224e+01
8.101527467181257691e+01,9.061828980232175468e+01,4.884345737914583196e+01
7.701924798941432471e+01,8.870128741711111786e+01,4.997631737770778670e+01
7.387536600786070551e+01,8.723281561141030238e+01,5.095134720341421541e+01
8.079229788449336525e+01,8.170141801694012429e+01,5.020577806092813944e+01
7.706557585070066807e+01,6.165574714116079491e+01,4.720972803456962907e+01
7.601822818583163155e+01,6.193933353684813881e+01,4.769825771297658434e+01
6.564422070930652353e+01,7.679015081811409971e+01,4.751576174002958908e+01
6.617906142075156595e+01,7.536906825306107294e+01,4.781373110562955731e+01
8.091980126948304530e+01,7.447168056348718324e+01,5.065944089136230133e+01
7.059851975219083897e+01,8.249977764701080218e+01,4.925076038584663962e+01
6.826238250334412783e+01,7.845993406836177542e+01,4.846590663278691125e+01
6.711880377271005216e+01,7.693197092120090019e+01,4.841195684026575918e+01
8.182782306421341900e+01,8.743894575476478792e+01,4.865181599874173202e+01
7.767813925035616762e+01,6.075810923494492499e+01,4.782350327310393823e+01
8.227653613131803922e+01,8.892576264620701920e+01,4.865506225177829691e+01
7.227366233174136312e+01,6.197120611886147401e+01,4.838584566022904454e+01
6.636056824232690587e+01,6.833135761944464548e+01,5.020532732336032922e+01
7.248042975809727295e+01,8.461282390270982035e+01,4.900576075537761511e+01
6.773501589208491680e+01,6.626826613938902710e+01,4.978946136251650501e+01
8.036556858781936796e+01,6.860584527111377895e+01,4.983876731288297890e+01
6.906144651388156319e+01,7.720079891735500155e+01,4.905009293448678420e+01
6.627694931367642539e+01,7.352211072768400868e+01,4.909886030764740639e+01
8.038746939233756450e+01,8.589932982272220841e+01,4.860268598108624616e+01
8.090186965555633947e+01,8.663696898812676750e+01,4.993153036763979458e+01
6.613842267421642873e+01,6.932857512108937215e+01,4.951653386135262735e+01
6.815811053839641431e+01,8.060776198987025509e+01,4.946310734815584453e+01
7.943971062469634603e+01,6.174972407720001399e+01,4.832372771641094999e+01
7.362863087221074920e+01,6.013346724793733244e+01,4.976344262111663852e+01
8.071694529103338311e+01,8.596050558685789156e+01,5.078789790622070655e+01
7.597724316877985018e+01,6.090680585488342302e+01,4.854006875724826386e+01
6.982616724525630048e+01,8.134644934032947106e+01,4.929001871959091119e+01
8.064271716708786641e+01,8.431034893341488612e+01,5.051658769213987199e+01
6.888846683801523341e+01,6.336066967522466342e+01,5.000788452592815503e+01
7.975534747404907421e+01,7.816490207559694170e+01,4.954750910254012553e+01
8.191709358794821583e+01,9.008651960712192874e+01,4.994797807987893634e+01
7.899107434397942029e+01,9.079025039273786035e+01,4.925187688923094242e+01
7.826346070735306171e+01,9.009974846870629506e+01,4.882104087221748756e+01
7.766584325833932212e+01,8.905805986250142325e+01,4.988768284974230482e+01
7.520429056527716227e+01,5.977746207946091062e+01,5.013443277048043711e+01
6.947318611045618297e+01,6.250938538719525184e+01,4.935374000365535352e+01
8.087452589765970856e+01,7.636084976747964959e+01,5.036550094206297246e+01
7.143947790200543579e+01,8.370463050619210321e+01,5.010197800577638816e+01
6.874967512177609308e+01,6.474419936849842827e+01,5.127635882828879232e+01
6.855842820002735039e+01,6.531875628181408899e+01,5.141672400835625467e+01
7.316079868786670204e+01,8.537351808732186953e+01,5.069450971420707930e+01
6.613779085658032386e+01,7.247449285409092568e+01,4.912942911905152243e+01
6.826775420929926952e+01,7.509610574444812414e+01,4.895724054948938431e+01
8.218893547273165723e+01,8.967113998497600846e+01,5.152698001853087817e+01
7.717521069566176095e+01,6.021942986246450147e+01,4.903969682832944699e+01
8.121184720259117285e+01,6.283939321795987354e+01,4.927649867627521019e+01
7.225911199964804155e+01,6.018265767083951090e+01,5.075743976731880736e+01
8.006889705725758688e+01,6.061894028630672437e+01,4.946767911985428157e+01
7.975830740688675746e+01,9.094080474365571831e+01,4.928722152423345904e+01
6.936601555327176527e+01,7.860977808453797877e+01,4.972448439824731992e+01
7.780986941545438640e+01,8.996333531596410182e+01,5.041056031125688008e+01
7.240692069649274742e+01,8.400485074456322820e+01,5.118673970320318745e+01
8.105934929352177676e+01,7.316345052435940488e+01,5.228952217063597629e+01
7.616859631393180052e+01,8.879582549553707338e+01,5.207715706920341603e+01
8.040119986004123120e+01,7.016391776267769842e+01,5.091652464928105815e+01
6.600446013366072862e+01,7.138779601343362913e+01,4.956250819337148528e+01
7.101295936010821208e+01,8.160346110176429590e+01,5.085696355573309546e+01
7.904543326931461422e+01,6.015566576443436730e+01,4.959301587020046753e+01
6.666057011773226293e+01,7.219011523618506487e+01,5.022930662345817865e+01
6.912362703413775478e+01,7.470049512617283938e+01,4.977684862718927405e+01
6.706527015146268411e+01,7.342425716379885614e+01,4.958951234359512483e+01
7.011318817382071700e+01,8.049069710359410124e+01,4.998189627562400261e+01
7.720270096659022840e+01,5.945932570894803604e+01,5.102801037790396776e+01
6.966249769440970852e+01,7.633123486040645389e+01,5.056158048282281925e+01
7.846782509899828995e+01,9.080533052709770914e+01,5.125464439645052295e+01
8.109976354200050253e+01,8.654024362954493199e+01,5.304266540699804011e+01
7.094699341770677847e+01,6.180719380088010695e+01,5.014963022689121885e+01
8.111242702272872407e+01,6.210181659498035600e+01,4.971628700786805410e+01
8.200553186195371325e+01,8.741335129350783006e+01,5.023496269018602334e+01
6.750146557115657231e+01,6.648146012624977175e+01,5.147368480909474897e+01
7.998262117930060811e+01,7.779878304202284767e+01,5.160643383463262523e+01
6.774251490860554270e+01,7.325962381619430630e+01,5.064427180038528320e+01
8.182643642119803928e+01,6.323723766549866099e+01,5.069124976968950591e+01
6.643059172437848758e+01,6.924531616775260545e+01,5.148882086033368921e+01
7.002555119663132643e+01,7.513954859497511052e+01,5.095745549594936818e+01
7.108579946523474291e+01,7.977711424317220690e+01,5.110543567708967316e+01
8.242590811526591210e+01,8.870374199901395684e+01,5.135357704789874589e+01
8.167132760615064058e+01,6.501914089491604898e+01,5.243855485630647451e+01
8.153592935013459453e+01,6.540177988580791180e+01,5.061435807461616321e+01
8.057816346596490575e+01,8.054860161277946418e+01,5.144097037532222316e+01
8.048877991804009469e+01,9.101508811503889262e+01,5.133794019848355816e+01
7.007738731875853944e+01,7.751667755363300216e+01,5.157783307683374829e+01
8.145370459313859612e+01,5.981555012599150700e+01,5.026762583364897097e+01
8.191488801134799758e+01,6.035358419491782911e+01,4.981633693328365808e+01
6.692615292007451444e+01,7.113356938848954769e+01,5.187745548273722562e+01
7.349351240837368948e+01,5.953742494265380714e+01,5.119029211481205266e+01
6.854542513235668366e+01,7.366117441157571477e+01,5.156501330702946007e+01
8.181270120120150580e+01,6.243614860381515541e+01,5.057157788839180057e+01
7.954992407688200728e+01,9.117070655240179633e+01,5.152073647305678605e+01
7.500625483210164646e+01,8.833549177826716914e+01,5.153616658540072848e+01
8.103281692258531166e+01,8.269633591514701720e+01,5.263364808844308129e+01
7.016027043163265375e+01,6.210143725007068838e+01,5.169484555231107947e+01
6.975284151415557687e+01,6.329842452933520747e+01,5.325972607815852911e+01
6.772354254976092136e+01,7.230722934970540905e+01,5.271778732360879616e+01
7.199453312296206775e+01,8.198780692694367644e+01,5.161188313366518088e+01
8.281988849689305709e+01,6.084261703302531998e+01,5.137113818336892734e+01
7.825241473163518435e+01,5.876994989353335797e+01,5.216767375664583284e+01
7.983904127281458329e+01,5.940828749616432702e+01,5.101015171814451321e+01
7.143380882553864808e+01,6.013897925311715653e+01,5.211467737700012037e+01
8.061803761988743133e+01,6.745220263011032102e+01,5.277216906940769547e+01
7.704726104004026865e+01,8.994999695050424293e+01,5.264584187102231994e+01
8.055167652584825078e+01,6.978231037584292551e+01,5.350091256985668053e+01
8.080968759261307355e+01,8.381397508896917259e+01,5.295431327302405577e+01
8.215147323930132472e+01,8.761102412003137374e+01,5.294537743089720294e+01
7.316742587360417360e+01,8.479911032099872159e+01,5.227300353152416790e+01
8.182777353057775827e+01,7.418213646946182394e+01,5.466471115457626695e+01
6.943654048068513873e+01,7.465588530774475373e+01,5.371797890725426328e+01
7.309670292642636014e+01,8.359641174005433584e+01,5.242417348284850931e+01
7.995598859948358950e+01,7.945622713919260605e+01,5.229573281327029122e+01
8.086480727261375989e+01,8.577014496952727995e+01,5.295256297922249900e+01
8.153066262300799849e+01,9.022270065367820280e+01,5.371835666506292739e+01
7.377062770728888097e+01,8.711086996539341953e+01,5.254917564055116230e+01
6.733278897929649531e+01,6.697635871966210175e+01,5.391956241417737772e+01
7.147695868886216886e+01,7.811568625880114780e+01,5.236902890230867769e+01
7.167831556285968020e+01,7.590509678262246496e+01,5.280281160642460492e+01
7.087747788670347404e+01,7.512772370597552651e+01,5.304536129822028556e+01
8.107325968703590036e+01,5.914334969905643646e+01,5.188362881845120000e+01
7.195420665633618285e+01,8.057564905576202818e+01,5.179705229793427890e+01
7.415321615916288067e+01,5.892135780914425425e+01,5.357706112510381757e+01
6.941646467632361350e+01,6.513806782596768130e+01,5.325732763107480849e+01
8.134712935622307839e+01,7.628298452651725370e+01,5.258621112998824287e+01
8.186123120569197908e+01,6.321414790321796318e+01,5.250479252509879302e+01
8.113199918918486730e+01,7.147423714710014053e+01,5.307076012829626421e+01
7.240799240261547709e+01,7.965873481704807091e+01,5.272361196475267064e+01
6.714426319374018703e+01,6.772038721461359501e+01,5.487827516062075972e+01
8.298477726033392798e+01,6.196157403686687815e+01,5.286769736611316972e+01
8.221543425739903910e+01,5.967115330971735432e+01,5.169120346313314229e+01
7.020114479020239173e+01,6.152671374964046436e+01,5.359877519690786585e+01
7.389035935966980162e+01,8.044302226443836901e+01,5.241219878678517574e+01
7.424940598578980655e+01,8.077894943803755723e+01,5.260972745386347782e+01
6.719938472468220425e+01,7.038635628944662415e+01,5.406568085835169768e+01
6.827804164170269985e+01,6.599937895492655571e+01,5.287458972660595435e+01
7.385037768932370739e+01,8.599728592636364510e+01,5.417747913463374942e+01
7.898475184243304170e+01,9.118022913788369976e+01,5.404804759108557732e+01
8.054105750510113637e+01,9.091604854899412658e+01,5.430976181553782567e+01
7.374623188196423484e+01,8.360134610094554830e+01,5.320038954241812235e+01
7.463560101806898217e+01,7.979520587742881332e+01,5.319596634323355033e+01
7.599268708129764605e+01,5.898291841385523782e+01,5.327868262613051797e+01
6.906900773193648035e+01,6.577069916955116469e+01,5.391037203099514841e+01
7.300693299712209239e+01,5.912384883768137200e+01,5.387642416644222010e+01
7.187989261179318135e+01,7.545589517684170744e+01,5.367838378031439817e+01
8.035496300101779354e+01,8.103259352046910635e+01,5.334326531817557537e+01
8.012388463272134231e+01,7.797161187128665460e+01,5.318873396215822424e+01
8.137692812306788426e+01,6.591534360064872544e+01,5.430614216964538343e+01
7.302750861621204592e+01,7.831655290999110264e+01,5.300159556063511701e+01
8.258681125955627067e+01,5.955436504094990369e+01,5.357854830739571383e+01
7.746409267413469024e+01,5.831439055206349309e+01,5.398798844696045762e+01
7.074640636280415151e+01,6.042608149905710491e+01,5.366329239538347196e+01
7.968329232125107353e+01,5.897980340320253134e+01,5.221090730179826522e+01
7.164592973498186268e+01,5.958809628034615002e+01,5.524744876638663982e+01
7.319133341239948720e+01,7.740773271054459315e+01,5.354312928959842566e+01
8.333799794335888578e+01,6.089087076578226743e+01,5.386535924858996083e+01
7.527852274139759459e+01,8.088345701458752046e+01,5.405623627782676976e+01
8.051301777278439431e+01,8.206258293942389059e+01,5.440811199072943793e+01
8.063566450850957779e+01,8.388508161585916412e+01,5.390573770616591531e+01
8.078820968432921745e+01,8.643066001626648642e+01,5.422699772056887468e+01
8.166404111224784401e+01,7.534917238463170008e+01,5.505336329252429550e+01
7.474615416921649569e+01,8.774849191350946853e+01,5.388667519460688027e+01
8.194464145224851848e+01,8.813085574265326727e+01,5.466573817193319229e+01
7.936742818691151058e+01,8.033543428056466951e+01,5.415650677358971876e+01
8.199825443461168106e+01,8.912861468110993712e+01,5.448925366467581455e+01
7.618251145647191436e+01,8.870578746412518001e+01,5.330644616064616770e+01
7.631565865060152021e+01,8.804697436079285922e+01,5.485692096393530903e+01
7.418918544517853775e+01,7.852023563487975366e+01,5.355677021927211001e+01
7.466723674680295630e+01,7.866157945215793745e+01,5.424682670413928776e+01
6.974659097871835911e+01,6.587338709700766515e+01,5.561647052721303197e+01
7.025856034990837884e+01,6.499146226198384113e+01,5.470392407407570090e+01
7.439204578623200348e+01,8.678486277086366840e+01,5.445258187072673195e+01
6.842694306338282217e+01,7.285125348133931311e+01,5.458785944584202809e+01
8.145434204326065242e+01,8.745567564169724051e+01,5.520819979743556161e+01
8.168574823224197701e+01,6.360314482177948037e+01,5.431940281492099132e+01
8.060547212858243427e+01,7.730923847238516089e+01,5.402121570445103060e+01
8.217509230014920263e+01,6.288121881710754479e+01,5.393112177661792828e+01
8.084426565761407346e+01,6.953888331766630415e+01,5.628277977644555108e+01
7.204895067583899504e+01,7.511323881177609962e+01,5.517634694833297004e+01
8.033151674210270698e+01,5.865478004056232919e+01,5.483645023098770821e+01
7.472135558603547167e+01,7.754462775704456590e+01,5.601531296805041649e+01
7.534187396826004601e+01,8.010123407405596652e+01,5.459442222282191182e+01
6.795397848208648384e+01,7.088655338634646341e+01,5.546638424701232850e+01
7.128063252949073103e+01,7.469651012824705560e+01,5.503015320389512510e+01
7.999629694809308944e+01,8.373978752806553416e+01,5.513556438448483732e+01
7.442890855209324741e+01,8.537050405061684444e+01,5.516001581011816057e+01
7.303790884070586742e+01,7.607598046382383927e+01,5.598372831837799879e+01
7.679011842532756305e+01,8.956352435128172829e+01,5.475276293561439900e+01
7.548625320063388244e+01,8.314286376188226768e+01,5.527835590466921900e+01
7.357095864532476526e+01,5.854942864385444068e+01,5.510783470734058653e+01
8.154618048806935349e+01,6.532853493726383931e+01,5.639512662452106184e+01
8.155721564688164449e+01,5.899591488652018256e+01,5.369598923952177927e+01
8.073196439920884870e+01,6.753758852964068637e+01,5.594970328965830220e+01
7.982617929993018890e+01,7.860646074734539468e+01,5.636537883068501031e+01
7.939208749210159510e+01,7.921907193022231297e+01,5.489845529577956285e+01
7.511897952481635343e+01,5.826879778574254232e+01,5.521118623610183818e+01
6.735175196117010898e+01,6.904182402504757476e+01,5.537947770180756635e+01
8.041063429569526022e+01,8.646489851498995449e+01,5.521869383508193607e+01
6.999211871607998603e+01,6.327558207818511704e+01,5.500347109958217118e+01
6.941916281185345383e+01,7.429366976318850391e+01,5.471605098958009705e+01
7.850969165671901351e+01,5.825322448429612621e+01,5.430492275455394235e+01
8.069518465855534828e+01,7.652880024081051147e+01,5.629525479396007626e+01
6.760785054846206776e+01,6.701243790536841516e+01,5.526207847477052582e+01
7.853876102627936007e+01,7.999429160693863139e+01,5.538534523648210950e+01
7.806663968615056604e+01,8.058526980186302069e+01,5.499242871572242564e+01
7.993143563975483801e+01,8.308550345614467858e+01,5.516740048504081528e+01
8.263558634132282066e+01,7.281264643176503171e+01,5.659233384882777784e+01
7.717609484611450910e+01,8.626709147606901240e+01,5.651024619180451936e+01
8.132553741788191815e+01,8.957956597754743200e+01,5.552699543802964399e+01
7.379819309186753173e+01,7.681149906544953865e+01,5.600777558569038916e+01
7.968146538884697350e+01,9.052555041109759770e+01,5.607300404054502252e+01
7.675278930109365660e+01,8.098293264301074146e+01,5.493830609942990151e+01
8.313012013958659452e+01,6.212489857899122114e+01,5.606873933080596828e+01
6.988414775287168368e+01,6.213565769083893997e+01,5.583357805795747453e+01
7.049659633279325988e+01,6.538317383650012005e+01,5.660287295859743750e+01
7.526602273120693098e+01,7.863048189631919627e+01,5.827651997625336833e+01
7.768359539808831471e+01,8.283898882915670470e+01,5.522752906851286525e+01
6.790145831031389889e+01,6.751666964777986379e+01,5.633395922823367385e+01
8.115161186314304587e+01,8.856105040511687321e+01,5.624017030307218334e+01
7.116611567282605222e+01,7.417448159147303954e+01,5.609260742278485878e+01
7.053423903371718495e+01,7.346756196192603738e+01,5.618531117343223258e+01
6.919022909202560356e+01,7.329549354017106566e+01,5.559865701875467181e+01
7.779991952414887635e+01,8.968402771406925922e+01,5.585853283237519662e+01
8.222638433312579309e+01,7.166920782754564812e+01,5.641612640036698423e+01
8.283555606532587490e+01,5.967453737438813022e+01,5.547611523265354094e+01
8.187155486640654090e+01,6.320267893513870661e+01,5.673701999828882947e+01
8.157649628363816419e+01,6.380986853683972271e+01,5.698434973600367925e+01
7.968941159420295151e+01,8.713298117637019402e+01,5.630067353624968263e+01
7.717529013167937535e+01,5.716202805799667175e+01,5.736527996858025347e+01
7.655231486813627839e+01,8.029737407581440323e+01,5.688109842951413953e+01
7.574221613203906145e+01,7.961931439851998960e+01,5.723159954329072008e+01
7.905144542111381156e+01,8.369548801332337007e+01,5.553330538382378023e+01
7.927427643185060901e+01,8.541070878385146159e+01,5.619799201689489365e+01
7.698051670488483467e+01,8.457382731225928296e+01,5.696022877485493296e+01
7.795271359271748679e+01,8.001313915591522630e+01,5.643493460166574494e+01
8.203417667721910789e+01,7.447848576223833561e+01,5.554965133953075451e+01
7.795218527868559022e+01,8.756228806442979362e+01,5.648663265798078470e+01
6.953508419156993625e+01,6.663797770111088425e+01,5.654078362457107687e+01
7.433620538856190763e+01,5.795562249583358039e+01,5.716542305915722011e+01
8.321184118937190988e+01,6.128051558145968158e+01,5.725796204136283762e+01
7.805590813205505185e+01,8.524526969016234546e+01,5.694671419786251931e+01
8.047708426529115400e+01,8.898812202110113390e+01,5.682688745896447813e+01
7.904912523253277357e+01,8.741299470011894357e+01,5.672062536677033506e+01
7.869793401729982918e+01,7.955250357064707600e+01,5.696216146970704131e+01
7.903927630913422320e+01,5.817219799919369194e+01,5.532435990005968307e+01
7.808609474406507900e+01,5.722926342761720520e+01,5.740389114330707088e+01
7.917211082460995897e+01,8.917548572612567170e+01,5.707949154507719669e+01
6.809228860026452423e+01,6.996797400951426482e+01,5.612552871927256604e+01
8.022252155375252869e+01,5.841837655021266329e+01,5.665271904858929020e+01
7.115983274193160923e+01,5.976801442936157116e+01,5.748049426992048438e+01
7.006510041774888009e+01,6.091792580674267299e+01,5.761612151604585108e+01
6.927582769858992151e+01,6.286602430129690333e+01,5.784319343611623765e+01
7.213157363999820859e+01,7.416252269512324347e+01,5.727593979431411242e+01
6.950298608134042411e+01,7.172264561849108588e+01,5.712280960926331375e+01
7.642853558681831316e+01,7.992987410016901606e+01,5.790315446610460981e+01
7.516877420673878873e+01,7.565532989615071813e+01,5.727229158412327337e+01
7.524762936180860606e+01,7.671482332794266767e+01,5.717890644472642236e+01
6.965103298995784087e+01,7.047810968970250656e+01,5.725166064970348145e+01
6.889992250513108729e+01,6.965544930487349973e+01,5.658289940315597022e+01
8.026679388967023954e+01,7.655192129802317424e+01,5.816114833776853033e+01
7.955589307816229905e+01,7.860523783923594010e+01,5.859768103062476996e+01
8.089580914516655241e+01,6.996577745709167573e+01,5.746438807537677462e+01
8.181853998291710184e+01,7.543259084711451123e+01,5.719753847116820822e+01
8.053324360542553961e+01,6.701011100060993897e+01,5.763665846183077690e+01
7.366747076797943805e+01,7.488451872951787891e+01,5.757154329569964801e+01
7.867903670302531793e+01,5.730948968133490240e+01,5.811792335141517896e+01
7.249891732178880943e+01,5.845568722829293762e+01,5.790688746329500702e+01
7.076577930962226048e+01,6.613059485787175618e+01,5.778456841398051580e+01
7.718578889443571711e+01,7.980119010613255170e+01,5.874161190773153152e+01
6.994818537527093838e+01,6.867677665077233939e+01,5.730733553730611618e+01
7.143913503404196774e+01,7.290571069587602437e+01,5.717126576251639847e+01
8.259620537430181741e+01,7.438687729933910475e+01,5.856319735030892559e+01
8.250122306934086680e+01,7.193637128873243114e+01,5.819644506713496668e+01
8.258502947797818194e+01,5.958253380722923254e+01,5.638329573726250032e+01
8.063887563832399508e+01,5.866414329232694058e+01,5.776360041989122607e+01
8.292977861796532579e+01,6.203908248412913196e+01,5.794199356039163007e+01
8.142752770004997842e+01,6.520619391855684910e+01,5.750238579680769391e+01
6.939987044861011611e+01,6.417871338419990934e+01,5.908109762931356101e+01
7.602603687707429003e+01,7.920040705850639995e+01,5.907512688280450419e+01
7.586205074490553102e+01,7.504046591676669209e+01,5.842068052583618964e+01
7.049224364530749654e+01,6.548250452204943883e+01,5.820793658515377444e+01
7.093224539882619695e+01,6.955982878353536591e+01,5.805886101093501850e+01
8.294219475335660263e+01,6.061917634248441544e+01,5.787088177713546600e+01
7.860854417034282449e+01,7.936265477373912347e+01,5.904197988637009331e+01
8.110809829764518497e+01,6.495217582271662593e+01,5.891382869249632392e+01
7.417516089865428341e+01,7.362009580261043595e+01,5.890281099600441905e+01
7.288755908973236330e+01,7.274977385929665274e+01,5.814636530466377451e+01
7.099271987683850682e+01,7.061194607463458794e+01,5.745135149705168942e+01
7.628722306135784947e+01,7.573419779838800991e+01,5.933577177026632654e+01
7.575495260962091493e+01,7.417912788281246605e+01,5.887651527027700382e+01
7.568403184003295792e+01,7.757835733980522264e+01,6.029205939144561910e+01
8.042807976389956082e+01,6.771796710670938069e+01,5.769492216344871593e+01
7.203174920852569585e+01,7.022369537082275315e+01,5.813334935947311521e+01
8.077181929677360017e+01,5.897357624351582928e+01,5.879217982124612973e+01
8.226018143993796627e+01,6.024209031384102531e+01,5.869934786571716501e+01
8.102501064927443508e+01,6.304069993934823657e+01,5.930035439274612941e+01
7.142647993211031121e+01,6.856366483435526504e+01,5.890140824797625640e+01
7.963081394701353588e+01,6.698758854713744881e+01,5.894876268303988809e+01
8.053805295767938333e+01,6.591595896296850299e+01,5.911584203895147027e+01
7.161747182978972148e+01,6.671678199327307368e+01,5.899614654857342799e+01
8.276269294553010525e+01,7.346863741337615750e+01,5.994300438326415303e+01
7.285977995820901754e+01,6.954380924693035126e+01,5.825929961317013550e+01
7.468386052509799811e+01,6.939239759958036302e+01,5.877695318800449087e+01
7.378054352268515004e+01,6.867154355117978071e+01,5.897001689613713182e+01
7.397776957913686147e+01,7.064794752426382729e+01,5.822580260438616051e+01
7.600700415668694632e+01,6.819063370310601613e+01,5.815561574123923805e+01
7.611861955136892277e+01,6.731496119065812422e+01,5.842728182256506386e+01
7.435751513112418820e+01,6.771838407128167603e+01,5.915463628643713889e+01
7.460718323179089850e+01,7.132377257023790662e+01,5.895702012273635262e+01
7.998386723584512481e+01,6.887945880735196624e+01,5.933624757528578897e+01
7.416262110303780730e+01,6.690711918695423321e+01,5.970625719148838328e+01
8.086110444227075789e+01,7.044613167578316393e+01,5.845748673729531930e+01
7.629315213373834581e+01,6.958270829259356560e+01,5.898155603846231543e+01
7.944465768679226869e+01,7.668525481249864129e+01,5.994113015125027744e+01
7.075317428227000960e+01,5.964020267304295686e+01,6.067619245275282935e+01
8.174984892966416794e+01,7.575998216332675383e+01,5.990022487211381019e+01
6.915199567893442634e+01,6.252489670820423839e+01,5.950364601841107515e+01
7.874387620175805580e+01,6.717049590603517117e+01,5.972702797078354564e+01
7.867842295682649478e+01,6.884612416337459706e+01,6.071500021371202394e+01
7.769984454598828449e+01,6.717838771161709133e+01,5.997740383798426222e+01
7.516588332346263712e+01,7.230264914783933250e+01,5.916536700976119079e+01
7.600326979332108124e+01,7.151119253358571370e+01,5.962613870388986470e+01
7.625171561257393194e+01,7.790497090333160202e+01,6.120907555137956990e+01
7.662443203473020503e+01,7.479626991066355401e+01,5.966055770242893885e+01
8.085610068942514772e+01,6.396603263228102776e+01,6.034281280141163961e+01
7.211978805484206134e+01,5.852946456572196610e+01,5.961219744966228973e+01
7.954920008773683548e+01,5.770776968294631359e+01,6.000977434187276316e+01
7.702473613259824958e+01,6.683229290470846706e+01,6.032591528341218634e+01
7.307977409696988502e+01,6.656757853749768117e+01,5.973830927612993236e+01
8.206758158689954996e+01,6.120595071654202712e+01,5.939231533814483299e+01
7.870831658679914256e+01,6.651874052650019564e+01,6.037535184587657966e+01
7.678190224170062095e+01,7.325882877125815185e+01,5.988353131864227663e+01
7.738241703739208788e+01,7.105026139957432463e+01,5.991248855473388346e+01
7.858150087395007688e+01,7.858743640291176291e+01,6.032794499402058364e+01
7.883916241345581000e+01,7.000793118254551928e+01,5.998014055560434343e+01
7.738655794562546930e+01,6.867443895722419711e+01,6.040657267101922656e+01
7.753396715442966070e+01,7.871856541303905885e+01,6.094510273724269922e+01
7.972052475452649389e+01,7.074746040588641449e+01,5.992321677388932954e+01
8.154971465859132707e+01,7.135286082011083408e+01,6.062367163391177627e+01
7.957116614014091738e+01,6.635644708752205645e+01,6.033136547366980551e+01
7.796139798872839322e+01,5.684348100767937950e+01,6.044820419926277566e+01
6.967340925411677688e+01,6.435660349264352931e+01,6.009245542337463064e+01
6.938408002032151956e+01,6.356475093807106447e+01,6.039524845029689004e+01
7.816500463861629555e+01,7.679008733590298164e+01,6.118883691529255486e+01
7.159897172981818869e+01,6.601219347918035396e+01,6.052472272577227841e+01
8.057533146603330465e+01,6.290949253243324790e+01,5.999223326420615621e+01
8.053834989252402465e+01,6.115211874943678083e+01,6.074141589880260028e+01
8.095865734867921049e+01,6.519606002662285960e+01,6.048826595496991132e+01
7.723535191045557724e+01,7.273981942335350936e+01,6.066149211534531105e+01
7.837944395618727356e+01,7.121407771547728771e+01,6.059737102361301453e+01
8.239483240438416090e+01,7.503231549615991014e+01,6.201036386656249277e+01
7.515160338000785600e+01,5.742601956577919253e+01,6.101262640104729940e+01
7.678002459749781394e+01,5.683763029840189063e+01,6.050369285044445888e+01
7.727528789215438110e+01,7.596240278122039058e+01,6.102787445374897857e+01
8.049607947624292592e+01,5.918504301152813696e+01,6.027746005184417299e+01
8.010744062901601126e+01,7.102541199227155744e+01,6.120278261479996473e+01
7.567314999025147415e+01,6.615423330434090587e+01,6.163050522971447265e+01
7.775798368246402958e+01,7.809426510992639692e+01,6.127301534992502496e+01
7.056091126947453063e+01,6.456784083070215274e+01,6.131200031785805038e+01
8.107870803765119661e+01,6.031600928343033985e+01,6.026780688410976694e+01
6.964904493741727265e+01,6.358123142668674888e+01,6.079952234029630631e+01
7.299105059717709310e+01,5.796194197198648368e+01,6.081839302932377223e+01
8.231174782049686200e+01,7.270971533083198324e+01,6.150537046332351565e+01
8.045741516524653036e+01,7.643191624615099045e+01,6.142986270496737689e+01
7.051076524759747599e+01,6.054197880031284740e+01,6.143180643071887204e+01
7.002852136338890432e+01,6.208956971255175716e+01,6.138955433311369347e+01
7.700725990148168876e+01,7.403846112431084237e+01,6.082825772086201255e+01
7.947176692769791373e+01,6.265840119221882532e+01,6.137054240758791224e+01
7.850955003057430304e+01,7.153029488261925906e+01,6.159368942884832165e+01
7.728776637983877151e+01,6.573783456173532613e+01,6.215789270879503903e+01
8.042253863490030596e+01,6.005475923147105988e+01,6.145274975187853528e+01
7.139322510908044706e+01,5.869814894934685157e+01,6.186734217941823033e+01
7.763478677506115844e+01,7.618009795050012656e+01,6.140751233993691471e+01
7.729716522781605192e+01,7.450599410402887202e+01,6.398921929271543263e+01
7.132428581703533155e+01,6.495827441096476207e+01,6.147044535592045378e+01
8.042865888688449161e+01,6.384252643691543483e+01,6.271379232190984254e+01
7.282252979735019949e+01,6.455513114829338406e+01,6.225443944651747330e+01
7.069485743741877570e+01,6.283191719685655841e+01,6.196851362260400720e+01
7.854122047947400631e+01,6.627020749102881325e+01,6.196296922186314049e+01
7.798840246136828114e+01,5.647941089615093091e+01,6.314086838244543287e+01
8.068899835333994019e+01,6.578576828938642507e+01,6.198751052028482178e+01
8.138705374056794994e+01,7.153577673736609199e+01,6.237580312988276177e+01
7.081989908575009451e+01,6.147583110803306994e+01,6.253058175615883130e+01
7.808702991577682440e+01,7.204809434404464241e+01,6.351882693145117287e+01
7.989701090416576790e+01,6.134258973259504444e+01,6.200500839847084222e+01
7.163396596661365834e+01,6.334851717986024511e+01,6.248442010420635029e+01
7.735725633155321646e+01,7.291670918931690437e+01,6.380138088142312114e+01
8.143395161615656264e+01,7.620251993122163015e+01,6.300450609745794139e+01
7.194264297366405003e+01,5.816466854847476498e+01,6.258244200612679720e+01
7.964721915889690251e+01,6.624290007599798003e+01,6.393043348179655538e+01
7.935599183138998569e+01,5.735554139917366712e+01,6.158108766237501897e+01
8.193188674876925859e+01,7.340890286729315051e+01,6.346197567923316996e+01
8.101527912290137579e+01,6.491806810950147621e+01,6.294946347017838661e+01
7.397669406315573326e+01,5.758716279696076157e+01,6.289557916801541637e+01
7.556971986243490846e+01,5.707892721801819391e+01,6.348011399830316748e+01
7.265317414578731814e+01,6.382559055952377491e+01,6.285579867589880365e+01
7.849912219628055254e+01,6.290946961818870165e+01,6.249099008312029468e+01
7.873955256179092999e+01,7.639357910353471937e+01,6.275087737969285939e+01
7.151286410872255317e+01,6.169760958452678778e+01,6.350755665139948292e+01
7.999845842545498442e+01,5.983722426145261153e+01,6.349494041936363686e+01
7.980463676446325394e+01,7.132008857959483805e+01,6.345259551057488068e+01
8.049675578873790016e+01,7.617822697281742705e+01,6.435331359513952521e+01
7.101340176875524435e+01,5.923805589199453436e+01,6.303694617879425266e+01
7.427877690138596734e+01,6.435171511581918935e+01,6.319919448903116432e+01
7.609635634123615944e+01,6.510027242891915478e+01,6.254419023956842238e+01
8.068863269312194575e+01,6.419329146908992811e+01,6.342761621639610325e+01
7.890682683271674591e+01,6.357632055013573336e+01,6.345661902439552193e+01
7.993084013586404524e+01,5.799325448958215645e+01,6.351278178674817099e+01
7.718696141149813172e+01,6.522622671312214493e+01,6.269638337735116806e+01
7.814695660772464691e+01,6.567567527763684154e+01,6.488039298437360003e+01
7.791583299590855916e+01,7.568445143468271397e+01,6.374391986791688680e+01
7.223039097327541924e+01,6.141354032358147919e+01,6.439736822134997851e+01
7.147377780897501509e+01,5.857015092037750748e+01,6.355272406501319438e+01
7.126465608026836662e+01,6.014185180569175060e+01,6.390808647173041379e+01
8.060677258458828476e+01,6.568215252221961009e+01,6.425357328743469054e+01
7.769484701064423859e+01,6.353743641068217585e+01,6.267034507520730813e+01
7.635110660386254722e+01,6.397918793780558389e+01,6.293202284448666717e+01
7.931333659678891479e+01,6.070713554868971329e+01,6.511869571847719840e+01
7.844632193498840422e+01,6.229186798716690276e+01,6.331316986767365051e+01
7.806079975207552479e+01,6.397449989718491281e+01,6.344245501438140877e+01
7.622324745298897142e+01,6.216657343693865556e+01,6.507261764054938169e+01
8.050934320696907776e+01,7.170587597349326359e+01,6.425942561414179011e+01
7.117436153069053262e+01,5.903171914254134123e+01,6.397976155833440970e+01
8.095096351218012387e+01,7.550241152677607204e+01,6.479660106697748745e+01
7.930953001432557414e+01,5.705498561373070032e+01,6.456188926184627519e+01
7.731341874175575413e+01,6.252601423536718528e+01,6.418924082520597096e+01
7.854541267969446494e+01,6.480002782451607857e+01,6.561093540254520917e+01
7.221434081687031892e+01,5.833773163939082451e+01,6.442556194279148940e+01
7.850701882326833925e+01,7.234929496577363750e+01,6.499320919100564709e+01
7.645335503272340816e+01,5.688763258325267458e+01,6.544762802213325870e+01
7.929108914431948563e+01,7.603959480493575995e+01,6.454436784598884458e+01
7.860527411091453587e+01,7.520049236234056877e+01,6.553771607222790863e+01
7.442516544100006115e+01,6.195849888930349891e+01,6.540105746526373309e+01
7.773182230023486738e+01,7.389709826870232234e+01,6.500807701309697961e+01
7.777610816359775470e+01,6.111407440290697934e+01,6.626131037702516835e+01
8.082324983936396734e+01,7.374402295320480505e+01,6.521802510043205814e+01
7.187132582116382196e+01,5.960439904998737859e+01,6.490879675918129976e+01
7.990490298054754703e+01,6.412247566037780189e+01,6.473949792985429497e+01
7.357400207136797121e+01,5.800564448369485149e+01,6.471135691138606205e+01
7.830792161482803238e+01,5.645809612706106861e+01,6.518239067937757625e+01
7.920954273520497679e+01,6.566268578393682276e+01,6.564551025669561568e+01
7.973325032008419555e+01,5.866054514465053416e+01,6.706534068636689483e+01
7.465834481794146882e+01,5.714551522134892281e+01,6.520472948563725879e+01
8.000677113229467352e+01,5.838144818956079973e+01,6.532913176939962341e+01
7.967748966094258378e+01,5.753957268083457421e+01,6.545765692083949716e+01
8.004347395496549211e+01,6.478895892098670117e+01,6.557287304339610046e+01
7.197272200148283616e+01,5.905999243015330080e+01,6.510024507965543705e+01
7.486304624087671300e+01,6.083603927786083432e+01,6.639128707024347875e+01
7.930564260697306622e+01,7.285841998521246410e+01,6.580372981621005124e+01
7.406662831190372742e+01,6.144404108933240849e+01,6.558222928466256008e+01
7.343657015110133557e+01,5.884610411356242565e+01,6.583749104915760597e+01
7.318048604144752289e+01,5.956150732746102250e+01,6.561683049420243208e+01
7.428365552776237735e+01,6.012805314901271458e+01,6.653945839124739337e+01
7.958640177716416986e+01,7.423185435967799606e+01,6.587483284282129148e+01
7.684633591530163699e+01,6.069836156695818374e+01,6.719506973382458170e+01
7.441049770734659319e+01,5.741813861279588593e+01,6.756256600952228553e+01
7.751869689953898046e+01,5.638470623867209497e+01,6.654658226976239632e+01
7.853659141839276003e+01,5.646432887341133267e+01,6.607338186038792571e+01
7.552707312989220156e+01,5.691032715305787093e+01,6.835308478520343556e+01
7.455407638953690252e+01,5.844063698411972752e+01,6.901465625208335553e+01
7.557282962601554743e+01,5.942803653854713986e+01,6.813707062779008083e+01
7.923490268043948959e+01,5.751171012122620851e+01,6.834911731300782378e+01
7.795813059302798820e+01,5.925175407975624609e+01,6.823765393465434670e+01
7.919712726357680310e+01,5.857562713345311067e+01,6.834197283090921360e+01
7.803724307648666070e+01,5.589036344265877432e+01,6.839229934331123673e+01
7.693864365343958411e+01,5.603455173791664379e+01,6.941724970681740103e+01
7.881721321705691707e+01,5.625829833835238958e+01,6.974530152026922281e+01
7.837756097664005495e+01,5.851256839077687033e+01,6.951558224019753141e+01
7.584807221917873221e+01,5.651774746856346354e+01,7.014449445570753028e+01
7.869895270071252469e+01,5.805710735018077173e+01,7.016001365404828505e+01
7.549714398123833803e+01,5.769811540905477898e+01,6.965879225237704020e+01
7.634955729909297872e+01,5.826328445864850636e+01,6.912135414680619760e+01
7.818388253386332565e+01,5.582977293101684779e+01,7.000478593289308549e+01
7.890288553817011064e+01,5.683126651949706343e+01,7.128238648338462724e+01
7.758029345227555496e+01,5.793178289235573430e+01,7.135217390437347262e+01
7.634345234681077841e+01,5.593457995222175327e+01,7.203168143665355672e+01
7.573334292594825001e+01,5.702531502296098864e+01,7.176339483890522786e+01
7.803987198599820374e+01,5.601003895840085534e+01,7.188090206257142256e+01
7.821500205884750301e+01,5.729317211984144365e+01,7.284006495307177431e+01
7.664586166895837493e+01,5.700165155112424742e+01,7.302165355364276422e+01
7.634203034647582342e+01,5.637337039086440171e+01,7.299816515982655574e+01
7.751741023538934883e+01,5.646981348883949892e+01,7.324850195042984069e+01
