62.6743431091309,76.4198913574219,22.7512474060059
63.9317817687988,74.3131561279297,23.5540809631348
64.1472625732422,76.4846420288086,23.2437744140625
64.4205322265625,77.678840637207,23.0296039581299
65.0619277954102,75.7016448974609,24.0674438476562
65.4915008544922,77.2126388549805,24.1178512573242
64.7333145141602,78.4389114379883,23.3504619598389
61.7984809875488,77.2397155761719,23.1062469482422
61.1081199645996,76.1593246459961,23.6533679962158
63.7444877624512,78.8893661499023,23.4499111175537
60.1573715209961,72.9591445922852,22.9764289855957
60.8276138305664,72.05078125,23.4993305206299
61.0027847290039,72.7293548583984,23.1718654632568
59.6786880493164,71.9317321777344,23.8704299926758
64.5475006103516,74.5065231323242,23.4250984191895
60.9517097473145,74.3656463623047,24.2179470062256
60.5576210021973,77.128173828125,24.0256614685059
62.3378219604492,78.9583969116211,23.5782718658447
65.2656097412109,72.9746856689453,23.923246383667
59.2278900146484,72.9483337402344,24.0116348266602
59.6723289489746,74.3896865844727,24.8247299194336
61.9173202514648,74.4201812744141,24.5439643859863
62.1360473632812,72.6490325927734,25.3570575714111
62.3046760559082,73.1065979003906,25.1702213287354
64.0182113647461,79.9755554199219,25.4295539855957
66.9070587158203,73.305778503418,23.9540863037109
66.2579116821289,74.6431350708008,24.303674697876
59.9414215087891,75.7410354614258,24.169261932373
59.4891128540039,71.1482925415039,25.8400917053223
60.6829719543457,71.3000335693359,24.7354259490967
62.5144577026367,80.4934158325195,25.3441219329834
65.856315612793,78.0465774536133,24.5605716705322
66.0918731689453,75.9490051269531,24.3332958221436
66.7410583496094,77.5707244873047,24.3025817871094
62.0283660888672,80.2400512695312,24.897632598877
58.7881240844727,72.2205352783203,25.9010753631592
59.0004386901855,75.465446472168,24.5478229522705
66.0150756835938,71.6292724609375,25.6181869506836
67.6489791870117,76.8049850463867,25.0696086883545
59.2322769165039,77.1336135864258,24.8778591156006
65.9770736694336,78.8169784545898,25.8265514373779
60.431095123291,80.028190612793,26.013011932373
67.9975967407227,74.4995651245117,25.3435916900635
60.0194435119629,78.7424774169922,24.9873847961426
67.5236740112305,78.1687240600586,26.1104602813721
65.6529312133789,68.249153137207,24.5955085754395
65.9962997436523,66.9185409545898,25.3217754364014
66.5878601074219,67.836051940918,25.0025501251221
66.1877365112305,69.7479782104492,26.0526485443115
58.0433006286621,76.4702072143555,25.6573696136475
65.0124816894531,71.3917007446289,25.8972587585449
63.8172798156738,72.8045043945312,25.4686985015869
64.8442535400391,67.497673034668,25.1630668640137
68.2087020874023,72.2497253417969,25.9252033233643
61.6128997802734,71.0902404785156,26.483060836792
57.5807609558105,78.003173828125,25.3246574401855
69.6052322387695,73.825569152832,25.8316688537598
60.6287002563477,70.801399230957,26.5472393035889
64.3799591064453,68.1884078979492,26.2454738616943
58.8500785827637,74.1030578613281,27.1635837554932
57.790153503418,75.005989074707,27.067024230957
58.663990020752,79.453742980957,25.7610664367676
65.7113952636719,69.5519256591797,26.1500034332275
68.7944641113281,75.5218811035156,25.8104724884033
64.9340667724609,66.761962890625,26.309326171875
65.510856628418,79.8881530761719,27.5395584106445
58.7522277832031,73.8740692138672,29.3438663482666
69.1005706787109,76.3947525024414,26.9820861816406
66.7340621948242,66.8024063110352,26.883918762207
67.0552215576172,67.8658065795898,26.1867942810059
57.8991966247559,79.7339324951172,26.9691028594971
62.8834838867188,71.2229766845703,27.1335067749023
67.0324935913086,71.0586242675781,26.0836906433105
63.6785736083984,71.3293075561523,26.7423667907715
66.8214340209961,69.7286987304688,26.8896369934082
64.9721603393555,69.5426712036133,27.0412998199463
70.4070281982422,75.1180725097656,25.914493560791
62.1764793395996,70.7580490112305,27.461576461792
70.6445083618164,73.2593841552734,27.0891170501709
64.0862731933594,67.5504531860352,27.0905456542969
66.7558975219727,79.308837890625,27.8757419586182
68.7862167358398,70.9899139404297,27.5530471801758
61.0737800598145,81.5344161987305,27.3774127960205
66.3026809692383,66.3580551147461,27.8711357116699
56.5904655456543,77.5619201660156,27.0321674346924
65.2936935424805,66.3572082519531,27.6400051116943
67.6548004150391,70.646728515625,27.05885887146
58.853328704834,71.7785797119141,27.7883338928223
56.945671081543,79.0958862304688,28.1667556762695
67.6545639038086,67.4078369140625,29.3629455566406
59.5390129089355,82.241828918457,28.121524810791
68.7318115234375,78.4628982543945,28.3202381134033
58.348258972168,80.880126953125,27.7061309814453
69.9479217529297,71.7702789306641,28.3741550445557
64.4087066650391,70.0798034667969,27.5318050384521
71.5864410400391,74.2610397338867,28.1357898712158
67.7580413818359,69.017707824707,29.4366092681885
64.4798126220703,66.6337814331055,29.8029670715332
71.6520614624023,72.5605697631836,28.3041458129883
56.482250213623,77.0745544433594,28.4398536682129
56.4329795837402,78.1957550048828,28.7284679412842
62.0312995910645,82.1139755249023,28.5440444946289
63.6753311157227,81.1161499023438,28.442008972168
64.1798706054688,69.3207015991211,28.9752082824707
58.8367958068848,82.6222991943359,28.8146495819092
58.2456474304199,82.0339736938477,28.7591361999512
61.2344093322754,70.3875503540039,29.1109428405762
63.6148300170898,70.6606063842773,27.9667663574219
71.7663192749023,75.5307846069336,29.0937595367432
59.4883575439453,71.0778503417969,28.4866638183594
66.2558212280273,80.1928253173828,29.0345058441162
70.1933288574219,77.0687713623047,30.0822944641113
67.9349594116211,69.6911010742188,29.3307514190674
57.5500831604004,80.6161956787109,29.4083404541016
63.2734756469727,70.4130935668945,30.600061416626
69.7738342285156,69.9868469238281,29.5908298492432
63.8660621643066,70.1430358886719,29.7132911682129
59.5001487731934,82.9109115600586,29.6921939849854
69.4324493408203,78.7632369995117,30.1813411712646
68.1296081542969,79.4970474243164,29.682071685791
65.7735061645508,66.2237701416016,30.4005966186523
67.1015701293945,66.6269912719727,30.3029346466064
57.6091079711914,74.8731155395508,29.092456817627
71.8713302612305,71.6842041015625,29.5367221832275
72.2322082519531,72.581787109375,28.9020729064941
65.3525314331055,80.5873947143555,29.7640151977539
57.6439933776855,84.0062866210938,29.1051406860352
56.826114654541,83.3282623291016,28.3102512359619
56.5075263977051,84.032958984375,28.9474411010742
56.1289329528809,83.0072250366211,29.7173118591309
63.9980926513672,68.0374984741211,29.9813899993896
64.1256332397461,67.3915710449219,30.8909111022949
56.4580497741699,77.0395889282227,29.7926540374756
59.1929092407227,71.6675491333008,29.9817523956299
56.9625244140625,84.6665649414062,30.3680667877197
57.5449256896973,81.8169403076172,29.7477359771729
62.8276290893555,82.5640182495117,32.7420959472656
66.989990234375,80.7675476074219,30.7676792144775
58.8606948852539,83.8275680541992,31.0374336242676
61.6326599121094,70.5386962890625,30.963077545166
73.1209945678711,75.3817291259766,30.9156818389893
71.6832885742188,70.4132843017578,31.3087329864502
72.420166015625,76.0260772705078,30.2474193572998
68.0256958007812,69.0563430786133,31.4489421844482
56.0334739685059,84.2519302368164,30.7118396759033
59.5344390869141,72.4992828369141,31.2282218933105
56.3658561706543,78.1856231689453,29.5919857025146
57.1042022705078,80.4428176879883,31.5381946563721
57.2140045166016,81.7657012939453,32.05615234375
73.2512130737305,73.9433135986328,31.1965732574463
73.6249465942383,75.227180480957,31.6898536682129
57.921199798584,84.5601196289062,31.576753616333
58.2263870239258,74.5232925415039,31.9001731872559
64.6270523071289,81.3343200683594,32.9014053344727
64.2125244140625,69.581428527832,31.29612159729
56.3237609863281,77.1624984741211,31.85524559021
56.490104675293,79.0484924316406,31.0869083404541
70.6714859008789,69.5425338745117,31.9663047790527
70.2723922729492,78.8983459472656,31.217041015625
69.1233291625977,79.7168121337891,32.8539543151855
72.5749435424805,77.2895278930664,31.3694934844971
59.7227554321289,83.251091003418,32.6567840576172
56.6679496765137,76.4268188476562,32.0071754455566
56.1696701049805,78.2241516113281,32.4564476013184
56.0702247619629,77.1733016967773,34.9168663024902
73.1924209594727,72.2512817382812,31.9134483337402
61.4407386779785,71.1253967285156,31.9438819885254
72.9280548095703,77.0734405517578,31.5626659393311
71.4407501220703,78.799560546875,31.7883281707764
59.2503509521484,73.2592468261719,31.9359588623047
65.6254653930664,66.4062881469727,32.5565452575684
67.4423522949219,67.1582641601562,31.9948692321777
63.1900825500488,70.5240097045898,32.734489440918
56.0635566711426,83.0971527099609,32.1350898742676
73.9775772094727,73.1466522216797,32.5911140441895
57.1932106018066,81.6185760498047,33.4819679260254
64.3743362426758,67.4775924682617,32.2793159484863
56.0409202575684,83.614372253418,33.1047630310059
56.7486724853516,84.5873107910156,33.05224609375
64.9628753662109,67.2405090332031,33.3418464660645
67.7964019775391,80.9582214355469,34.6154098510742
73.6504592895508,78.1150207519531,32.8380355834961
74.8805313110352,79.1075820922852,34.811092376709
56.3731536865234,80.2705993652344,34.7453079223633
57.9117317199707,74.8988037109375,32.9015464782715
61.6839828491211,82.8075790405273,34.227855682373
65.9450302124023,66.8680877685547,33.4982719421387
67.9923553466797,69.0366058349609,33.5220642089844
69.1139755249023,69.0186920166016,33.281623840332
71.8838424682617,79.7423629760742,33.2111434936523
70.7853469848633,79.6786346435547,33.0475654602051
59.3308563232422,73.2831420898438,32.4944038391113
61.8387451171875,71.3738021850586,33.80078125
73.8376922607422,71.0016098022461,33.6744613647461
72.9826736450195,69.3264083862305,32.9196548461914
75.0299682617188,74.7502288818359,32.6169662475586
64.7833633422852,69.1413879394531,32.963508605957
58.0742301940918,84.13720703125,33.3970260620117
65.2723388671875,81.3475494384766,34.0450439453125
74.9164581298828,77.6057434082031,33.8245849609375
57.2537689208984,82.3861083984375,34.0578918457031
75.8563995361328,74.5614700317383,33.4998779296875
72.1704864501953,68.4613571166992,34.5987663269043
73.6432495117188,80.2961578369141,35.0315399169922
63.742130279541,82.6364364624023,35.3442573547363
64.7313385009766,69.5781402587891,33.7574157714844
66.8338165283203,67.4420623779297,33.4655914306641
73.8153762817383,68.9184036254883,34.8366546630859
75.2363815307617,70.0972595214844,36.2273330688477
75.6454391479492,76.6332321166992,34.161075592041
65.5788955688477,68.8019256591797,34.1418991088867
56.8674201965332,75.9287948608398,35.8015937805176
55.8429946899414,78.2792663574219,35.6189422607422
69.7275543212891,80.3406143188477,34.909351348877
71.8434677124023,80.8486938476562,34.6383247375488
66.6399688720703,68.7949066162109,34.5155906677246
56.7287902832031,83.8091201782227,34.3258857727051
75.9670791625977,73.1330947875977,34.8185043334961
65.5617065429688,82.1264343261719,37.2611045837402
76.2587738037109,74.7132873535156,34.1801338195801
59.1188430786133,73.6335983276367,37.0703239440918
64.4232330322266,70.0024032592773,35.6599731445312
66.0911026000977,68.8748245239258,34.6091117858887
65.8664627075195,69.3243560791016,35.6106567382812
58.8777694702148,83.0610198974609,34.6276435852051
71.1517486572266,68.0318145751953,36.6555328369141
70.3102645874023,81.245979309082,36.4335174560547
76.4053039550781,78.9194793701172,36.1368713378906
61.4557342529297,71.7692031860352,36.1286773681641
57.584228515625,82.5507507324219,34.9198913574219
57.7358245849609,82.9747619628906,34.7796783447266
74.4562149047852,68.8328170776367,35.9701461791992
60.176212310791,82.7420272827148,35.043701171875
76.3143081665039,76.398193359375,35.1862182617188
73.9357681274414,81.2555923461914,36.3927116394043
67.9872741699219,69.1103668212891,35.0551528930664
74.2310180664062,68.082633972168,36.9428062438965
77.2649841308594,74.7348937988281,36.6569862365723
77.4541015625,76.3095703125,38.0628776550293
76.4107666015625,71.8766784667969,36.2516899108887
67.5350494384766,69.2014465332031,36.4772987365723
58.1647720336914,82.3667907714844,36.0081100463867
65.9941482543945,69.4870147705078,37.1786270141602
66.6165771484375,81.632682800293,36.9435043334961
68.8108291625977,81.2416152954102,36.8225173950195
76.5526733398438,66.8765640258789,35.1775360107422
75.5121154785156,66.7471923828125,35.3252449035645
76.5582733154297,66.13037109375,35.4029960632324
59.7716751098633,82.0227355957031,37.263069152832
58.7108497619629,81.5049362182617,38.0366477966309
71.8763427734375,81.8910369873047,36.7720413208008
76.9869079589844,72.090576171875,37.0787315368652
75.069450378418,80.9371490478516,36.3505058288574
76.8066864013672,77.4074630737305,36.4243965148926
57.0393371582031,81.1789855957031,37.2603645324707
74.9471817016602,67.9296875,36.9915351867676
75.9372100830078,65.5331039428711,36.5080909729004
64.1661987304688,82.767692565918,38.1479873657227
56.6837196350098,80.9012832641602,36.4654502868652
71.9278030395508,67.798210144043,37.1738166809082
56.0711708068848,77.7623519897461,36.1987152099609
56.6287384033203,79.2129135131836,37.280891418457
77.3082809448242,78.7739028930664,37.2037773132324
76.9335708618164,80.4574661254883,37.852466583252
77.2958679199219,66.138427734375,36.9915924072266
74.9999618530273,66.3167190551758,36.4308280944824
74.6419677734375,67.4527893066406,37.1010360717773
61.7885055541992,71.4930038452148,37.545524597168
60.3318672180176,82.1135406494141,37.9350624084473
63.7666854858398,70.3744277954102,37.7763137817383
76.9064102172852,70.5377502441406,38.6182250976562
76.9139251708984,67.4207534790039,36.5404167175293
57.9072227478027,75.3322830200195,38.2015914916992
76.8844680786133,65.5149917602539,37.6848106384277
77.4765930175781,66.994010925293,38.4301223754883
75.7585525512695,81.9987030029297,38.8065414428711
73.7439956665039,82.4722213745117,38.3857040405273
74.9859008789062,65.5432662963867,38.5323829650879
75.9392395019531,65.1294021606445,38.9437026977539
77.7505416870117,75.0376892089844,38.5317687988281
57.4782867431641,78.0483627319336,38.6160354614258
75.5627746582031,68.669189453125,37.7426414489746
70.1675338745117,82.1578140258789,39.6828308105469
68.8993759155273,81.5214157104492,38.1898918151855
76.8157348632812,68.3446426391602,38.9794731140137
67.0516357421875,81.9908294677734,39.3601379394531
69.5110015869141,68.5110778808594,38.5907287597656
59.3877220153809,73.7582244873047,39.2888717651367
71.9966812133789,82.5572509765625,38.7721214294434
77.5844650268555,71.9959564208984,38.9429817199707
65.7941284179688,82.4044799804688,40.167610168457
62.4446487426758,70.8956527709961,40.7779006958008
72.2030563354492,67.4090347290039,38.6629028320312
71.2176055908203,67.7009582519531,38.1930389404297
65.9895629882812,69.5149612426758,38.9272155761719
77.8664779663086,76.8957366943359,39.4237060546875
77.3348922729492,65.8187484741211,38.0961608886719
77.7760772705078,79.4755630493164,38.8066024780273
73.9656524658203,66.5974807739258,39.446590423584
59.2808036804199,80.7417373657227,38.9992523193359
77.0598983764648,65.3965225219727,39.3407821655273
62.2954483032227,82.5231475830078,39.4822578430176
68.9341125488281,68.3737945556641,40.7620086669922
71.0341644287109,67.3493347167969,39.6045761108398
64.721565246582,69.7925720214844,40.2230224609375
76.5283126831055,69.3812789916992,38.7254295349121
76.9617614746094,69.1980056762695,39.8009719848633
58.4231414794922,76.7334365844727,39.9428253173828
73.9579086303711,66.1243133544922,40.6014213562012
77.437370300293,66.1899337768555,40.2177085876465
69.0057678222656,81.943359375,40.5485572814941
77.7614898681641,81.1667633056641,40.9951324462891
73.7948150634766,83.4322967529297,40.0542182922363
76.9126205444336,82.411994934082,40.7936515808105
60.3468780517578,80.9631881713867,39.9292297363281
59.0346794128418,74.5525970458984,39.9619903564453
61.7256278991699,81.9799652099609,40.1787147521973
65.8672103881836,69.3430862426758,40.3156776428223
63.4712066650391,70.127571105957,41.8438186645508
72.0013961791992,83.3186798095703,41.2937355041504
59.4244117736816,78.9524841308594,40.785888671875
78.1475219726562,72.983024597168,40.8838272094727
76.6603317260742,65.2506484985352,40.5523567199707
61.4317588806152,71.7577133178711,39.6508140563965
75.5749206542969,65.097053527832,40.195556640625
76.9138412475586,68.3262100219727,41.3388404846191
77.9148025512695,70.3973541259766,41.909236907959
75.8617858886719,84.0326309204102,41.8076095581055
59.1011161804199,77.4486389160156,41.2970123291016
77.3749389648438,67.1604385375977,41.2267189025879
68.6538543701172,68.2832260131836,41.5122833251953
78.3277359008789,74.8009338378906,41.4189109802246
59.9900436401367,73.5047912597656,41.3447914123535
78.5371551513672,78.3008499145508,42.8291931152344
60.9113731384277,80.5631561279297,41.5494651794434
70.7460403442383,66.7838439941406,40.9871063232422
59.0752830505371,75.9254608154297,41.6334457397461
63.6623420715332,82.5638809204102,41.1104278564453
61.0000305175781,72.4112091064453,42.8788604736328
67.1386260986328,81.993408203125,41.2530784606934
74.576545715332,84.3073272705078,42.5385665893555
78.1793823242188,82.0305633544922,42.2484321594238
63.3616790771484,81.8161315917969,42.2189598083496
66.9516372680664,68.1214065551758,43.572826385498
78.600715637207,71.6094665527344,42.8802070617676
77.5514144897461,66.4661026000977,41.9909934997559
68.1683959960938,82.0937957763672,42.7210845947266
78.6088638305664,80.2238922119141,43.1791763305664
64.0816116333008,69.644157409668,42.4845161437988
74.3951950073242,65.4859008789062,43.3993949890137
63.9489784240723,82.1818237304688,42.0539741516113
69.6634063720703,67.3388900756836,41.2746734619141
65.4875564575195,82.0704116821289,43.0390205383301
69.7643814086914,82.3959732055664,41.9547462463379
76.2737197875977,65.406623840332,42.910758972168
65.5699157714844,68.4857177734375,43.3219184875488
76.9509735107422,65.8153228759766,42.9237060546875
78.6270446777344,73.8655395507812,41.9272880554199
70.6241455078125,66.2750930786133,41.6899223327637
72.4706039428711,65.422248840332,43.1608581542969
76.1451797485352,85.0272521972656,43.0586585998535
78.7680358886719,75.1903533935547,43.0821304321289
73.5899658203125,84.3731842041016,44.3075866699219
70.964973449707,83.474365234375,44.6369132995605
62.7138710021973,70.7593536376953,43.9041328430176
59.9301338195801,74.4989852905273,43.878833770752
68.0027008056641,67.7135696411133,43.1932945251465
60.8401336669922,79.344482421875,43.3213081359863
69.7226638793945,65.7677001953125,42.1891670227051
77.4403915405273,84.1748352050781,43.0566291809082
77.2333908081055,68.3053436279297,42.8518829345703
79.4344787597656,73.4815673828125,43.7034912109375
78.8186416625977,79.4517135620117,44.1907768249512
69.2325973510742,82.5849914550781,44.6781730651855
78.0402145385742,66.9595794677734,42.2939262390137
62.2104034423828,71.8486251831055,44.3218421936035
70.1504898071289,65.1551284790039,43.0257186889648
77.7978897094727,66.1695251464844,43.183723449707
77.9492568969727,69.2028045654297,43.2689895629883
71.3406143188477,65.247444152832,43.5457382202148
63.1430130004883,80.1105117797852,43.1382026672363
59.8370895385742,75.8069305419922,44.1782073974609
78.8028335571289,83.5000457763672,44.0146636962891
66.76513671875,81.4419326782227,44.364315032959
79.1981964111328,67.1876907348633,43.5013580322266
64.7658615112305,68.9342422485352,44.896183013916
64.2514495849609,81.5254516601562,43.2470932006836
78.4711685180664,65.7212600708008,43.8371429443359
79.2678375244141,65.8526382446289,44.133358001709
69.3966217041016,65.134765625,43.2877464294434
65.5650787353516,81.594108581543,44.3781929016113
68.4070281982422,66.437141418457,43.5684623718262
65.0984725952148,81.3437728881836,44.6419258117676
79.4306411743164,70.245475769043,45.2330932617188
74.7991256713867,85.3501281738281,43.6380004882812
76.8806915283203,65.4010238647461,44.2045936584473
72.9462814331055,64.8559494018555,44.7142753601074
75.7431106567383,86.6084671020508,43.6010627746582
77.3035125732422,86.2091445922852,43.433666229248
79.9140625,74.0051116943359,45.2991638183594
70.1733322143555,64.357421875,44.7360534667969
71.4913024902344,64.4038238525391,45.5405158996582
68.4954986572266,65.2156066894531,45.1758766174316
69.9080200195312,63.9958343505859,45.3344230651855
76.9022216796875,87.5380706787109,44.5712127685547
78.7047882080078,85.2605743408203,44.3152236938477
78.9911270141602,69.1023788452148,44.7504730224609
79.3451232910156,75.3130493164062,45.3168106079102
67.7107925415039,67.05615234375,45.0271377563477
68.1433715820312,65.6516494750977,45.4464797973633
78.8393783569336,77.7537307739258,43.8067207336426
79.6381988525391,82.0469741821289,44.8445854187012
79.4170074462891,84.2445755004883,45.2616081237793
66.8540191650391,67.7439117431641,45.6947937011719
79.8827896118164,81.1436996459961,45.5492477416992
74.7620162963867,86.5536499023438,44.8206748962402
80.3978881835938,71.8423461914062,46.3814888000488
79.4085388183594,77.753044128418,46.9991264343262
63.7432975769043,70.1164245605469,44.4028091430664
63.0726089477539,70.9233779907227,45.1684799194336
64.1273651123047,70.0826416015625,45.4131660461426
62.8188591003418,78.9313507080078,45.8572731018066
75.9527435302734,87.6653900146484,45.282657623291
65.2255477905273,80.4753112792969,46.7064552307129
73.7571792602539,84.842155456543,45.3296546936035
65.8027877807617,68.3723526000977,45.6062126159668
69.4100875854492,64.0690460205078,46.2463760375977
78.0932540893555,64.9732208251953,44.227424621582
79.690803527832,63.5358505249023,44.0060806274414
79.1205978393555,86.4562683105469,45.4950866699219
79.2486877441406,87.7061538696289,47.113094329834
77.2806777954102,65.1191253662109,44.7900161743164
80.7116546630859,64.2516555786133,44.9311332702637
75.8887481689453,65.0270156860352,45.5126609802246
78.4592437744141,63.3437347412109,44.4859809875488
79.5379409790039,68.802375793457,46.1085739135742
79.7992858886719,65.8017578125,44.9489364624023
61.2906875610352,78.2743301391602,44.7898330688477
61.7369155883789,74.1509857177734,45.6965446472168
73.095573425293,84.4869613647461,45.9296836853027
61.1942558288574,76.1630477905273,45.7354698181152
66.7144546508789,81.0612487792969,46.1742897033691
79.4378051757812,62.6037673950195,45.6947441101074
80.3020248413086,63.1939964294434,44.9667472839355
76.9434127807617,88.2038116455078,45.939754486084
72.2525634765625,63.9201850891113,46.5902404785156
73.7657318115234,64.2607345581055,45.9505615234375
80.18017578125,82.1952667236328,46.2919883728027
75.4756240844727,64.176872253418,46.426441192627
76.8112106323242,64.0997161865234,46.7429351806641
77.8304061889648,62.3541412353516,46.8500862121582
63.2418823242188,71.9646377563477,46.4643096923828
80.9658813476562,64.8926239013672,46.11328125
74.4275894165039,86.8657302856445,46.5240325927734
64.512321472168,70.1613693237305,46.5495300292969
70.5779342651367,83.2618637084961,47.0020027160645
68.0573959350586,81.8417739868164,46.6500701904297
67.2478561401367,67.0076217651367,47.5198020935059
62.5486717224121,76.8934707641602,46.5695266723633
80.2680816650391,66.1712341308594,46.7429656982422
80.0573425292969,69.8438034057617,47.9517631530762
62.7772445678711,74.9154052734375,46.7808113098145
81.3364486694336,63.458309173584,48.1845092773438
75.6320877075195,88.1188049316406,47.1655616760254
80.9299087524414,72.7904739379883,48.2107276916504
70.5061798095703,62.416618347168,46.307804107666
80.6557846069336,62.5763931274414,48.3932762145996
79.8424758911133,85.2410354614258,46.9011154174805
80.036018371582,75.4644927978516,47.5532989501953
79.5253753662109,78.2694549560547,47.8614845275879
65.551513671875,69.3693161010742,48.150074005127
69.6950988769531,62.8802070617676,46.2690467834473
63.6554870605469,78.5647888183594,47.1529808044434
78.6670837402344,88.297966003418,47.9917106628418
79.4965972900391,62.0801887512207,47.9053764343262
71.5457382202148,84.1344757080078,47.2272033691406
66.6395797729492,80.2533493041992,47.2726974487305
80.5032958984375,66.4065780639648,48.5430221557617
80.2374649047852,84.9272155761719,48.2916717529297
69.7515487670898,82.2596282958984,47.9729423522949
71.8765869140625,62.6052207946777,47.9352607727051
80.1585388183594,87.1417999267578,47.7463607788086
63.2882766723633,73.3710479736328,47.3891143798828
66.4743576049805,68.0862350463867,47.0331153869629
81.3994903564453,64.9064254760742,48.5185241699219
80.1351165771484,79.6472625732422,49.3873329162598
76.4786529541016,88.5947647094727,47.9871559143066
79.9996566772461,68.9247817993164,48.5030784606934
76.4282989501953,63.3929328918457,47.9376068115234
74.471076965332,63.2450981140137,46.7342567443848
73.7296371459961,62.5138511657715,47.4570541381836
73.4191589355469,85.0759582519531,48.4397468566895
69.0043258666992,64.4368515014648,47.9090118408203
75.4589157104492,88.4748001098633,49.6459465026855
75.4676361083984,62.0943832397461,48.0237922668457
79.5569915771484,90.2114105224609,46.9121246337891
80.4346313476562,88.8646545410156,46.3108520507812
80.4956436157227,90.0846176147461,46.4871215820312
81.593017578125,64.1417236328125,49.187629699707
81.6635360717773,89.6467971801758,47.24169921875
64.2791061401367,76.9640045166016,47.9147262573242
69.1463241577148,63.206413269043,48.2079658508301
69.7315292358398,62.2149047851562,47.4371490478516
71.465576171875,84.0898666381836,48.2427940368652
81.3145980834961,88.3115158081055,46.8787803649902
64.9818344116211,71.2441253662109,48.1765975952148
70.819694519043,61.9384994506836,49.4512405395508
71.4039688110352,62.136100769043,48.8024597167969
81.6474533081055,90.3396301269531,48.1347579956055
80.3631896972656,91.0333557128906,47.9516487121582
79.5949478149414,77.3268661499023,48.112922668457
65.740837097168,70.012336730957,49.3059387207031
67.9169006347656,80.9727172851562,48.5698013305664
75.1637878417969,61.6582298278809,48.303596496582
78.952880859375,90.3639068603516,48.0551834106445
79.0931854248047,61.7184524536133,48.2721214294434
64.2107696533203,74.9072570800781,47.4030303955078
64.5596389770508,73.4150085449219,48.532585144043
65.7654724121094,77.6076202392578,47.4165916442871
81.9945297241211,88.5082244873047,48.009838104248
81.2758255004883,91.1180648803711,49.3313903808594
77.3343276977539,88.9266510009766,50.2820510864258
74.275520324707,87.3694534301758,51.0917053222656
80.6189727783203,81.7547225952148,50.4173583984375
77.2219543457031,61.447208404541,47.7051658630371
76.1694183349609,61.7605361938477,48.1049690246582
65.5961227416992,76.7237701416016,47.6033630371094
66.0986175537109,75.2446670532227,48.036190032959
80.8432312011719,74.3468551635742,50.905876159668
70.7191619873047,82.5194396972656,49.1848449707031
68.2025604248047,78.3760528564453,48.5617408752441
67.0417861938477,76.832405090332,48.562183380127
81.8286437988281,87.7794342041016,49.0114631652832
77.8735427856445,60.5190048217773,48.4432144165039
82.3607330322266,89.3632354736328,49.0724716186523
72.4884033203125,61.7753753662109,48.6869049072266
66.3711242675781,68.1182327270508,50.369270324707
72.687141418457,84.628547668457,49.0052680969238
67.7545928955078,66.0456466674805,49.9498901367188
80.2720718383789,68.4267959594727,50.0382232666016
68.9364013671875,77.078483581543,49.2225074768066
66.1922607421875,73.3508834838867,49.3219299316406
80.3440704345703,86.1075744628906,48.8562622070312
80.9107437133789,86.9180679321289,50.223331451416
66.0536727905273,69.1126022338867,49.679801940918
68.2319412231445,80.6999740600586,49.3959541320801
79.5400314331055,61.4991645812988,48.935115814209
73.9556045532227,59.9207649230957,50.2693977355957
80.7119445800781,86.2033309936523,51.0222816467285
76.1823196411133,60.7013893127441,49.0469627380371
69.8925018310547,81.3488311767578,49.2445449829102
80.56689453125,84.4594879150391,50.7408256530762
69.1179733276367,63.0930862426758,50.2728385925293
79.6930160522461,78.071647644043,49.6897201538086
82.1218338012695,90.5948181152344,50.4108810424805
79.3649749755859,91.2248229980469,49.7233085632324
78.5982894897461,90.4621200561523,49.2492332458496
77.9719390869141,89.3266525268555,50.2237205505371
75.5060043334961,59.5963897705078,50.7661666870117
69.7319717407227,62.2341728210449,49.6659774780273
80.793327331543,76.2612075805664,50.6081314086914
71.6589813232422,83.7248764038086,50.0546188354492
68.9082260131836,64.5159225463867,51.4583396911621
68.6498489379883,65.0950012207031,51.5819091796875
73.4729919433594,85.4073638916016,50.7418975830078
66.0514984130859,72.291862487793,49.3299407958984
68.1495819091797,74.9574203491211,49.1844902038574
82.414306640625,90.217399597168,51.9580841064453
77.4031066894531,60.0031242370605,49.6924285888672
81.2295150756836,62.5624008178711,49.9100608825684
72.6344146728516,59.9342422485352,51.2464599609375
80.2138748168945,60.3442153930664,50.2622413635254
80.110107421875,91.4157943725586,49.7796363830566
69.3283462524414,78.5344848632812,49.806095123291
78.1933212280273,90.3188247680664,50.7899436950684
72.6486053466797,84.0137557983398,51.1632080078125
81.0017471313477,72.9965896606445,52.5308036804199
76.5904006958008,89.0568618774414,52.3316841125488
80.3345565795898,69.9917678833008,51.1334228515625
65.9826889038086,71.1820831298828,49.7405548095703
71.1568984985352,81.5912857055664,50.8058280944824
79.2363128662109,59.8982925415039,50.3741035461426
66.6138610839844,71.9908294677734,50.444652557373
69.0087966918945,74.5578002929688,49.9908905029297
66.9553604125977,73.2595672607422,49.8148040771484
70.1374816894531,80.4580535888672,49.9886054992676
77.4838180541992,59.2310600280762,51.7796287536621
69.6260147094727,76.2432479858398,50.734619140625
78.9125747680664,91.2646789550781,51.6950569152832
81.1964569091797,86.9282531738281,53.266300201416
71.2404861450195,61.559211730957,50.4896583557129
81.164421081543,61.8191719055176,50.4157028198242
82.0537261962891,87.8064041137695,50.5627937316895
67.6123504638672,66.2523193359375,51.7238616943359
79.8997421264648,77.7321090698242,51.7963905334473
67.669059753418,73.0880279541016,50.8404350280762
81.8058700561523,62.9494972229004,51.3503227233887
66.4792709350586,68.9991302490234,51.6946907043457
69.9457321166992,75.0223388671875,51.1505928039551
71.0879821777344,79.7303161621094,51.1588897705078
82.5735473632812,89.207275390625,51.7359237670898
81.5746765136719,64.7654800415039,52.945499420166
81.4319381713867,65.1631774902344,51.0360450744629
80.4770660400391,80.5423965454102,51.6711387634277
80.8675765991211,91.5645141601562,51.8277282714844
70.1407012939453,77.4714660644531,51.7106132507324
81.619499206543,59.5003662109375,51.2215309143066
82.0249710083008,60.0448913574219,50.7144393920898
66.9348220825195,70.9157791137695,52.1098709106445
73.880973815918,59.3461875915527,51.779369354248
68.4947967529297,73.4920501708984,51.7566604614258
81.8339462280273,62.131290435791,51.2831764221191
79.9838714599609,91.7079010009766,52.0053405761719
75.4400863647461,88.5567016601562,51.7536506652832
80.9506454467773,82.8225784301758,52.8764266967773
70.5166473388672,61.8466796875,52.0413055419922
70.0908737182617,63.0718193054199,53.5173988342285
67.7546081542969,72.0993499755859,52.9326934814453
72.1595230102539,81.9304885864258,51.6016578674316
82.8832015991211,60.4669761657715,52.3411750793457
78.5648956298828,58.5094833374023,53.0713729858398
80.0578918457031,59.1113700866699,51.9243354797363
71.8879089355469,59.8933563232422,52.6241645812988
80.5146789550781,67.2327194213867,53.063419342041
77.5322418212891,90.3187713623047,52.9833450317383
80.4683837890625,69.5622253417969,53.7779769897461
80.8062438964844,84.0356140136719,53.1410293579102
82.289176940918,88.0947952270508,53.2595138549805
73.4882507324219,84.8180999755859,52.2934303283691
81.709228515625,74.0069198608398,55.0692825317383
69.5248641967773,74.4268417358398,53.9504470825195
73.3441543579102,83.5799560546875,52.4108390808105
79.8616333007812,79.4054489135742,52.5259094238281
80.9473571777344,86.0999526977539,53.1719398498535
81.8823547363281,90.8300552368164,54.1587066650391
74.2091674804688,87.2721786499023,52.6690788269043
67.6085739135742,66.6738357543945,54.3035736083984
71.5664138793945,78.0517196655273,52.4736022949219
71.6535110473633,75.765739440918,52.9641532897949
70.9083633422852,74.9433975219727,53.2318153381348
81.2783966064453,58.7993392944336,52.9233093261719
72.0454406738281,80.4946136474609,51.8094520568848
74.6007766723633,58.6726112365723,54.3055000305176
69.6294860839844,64.9233322143555,53.4403953552246
81.2036056518555,76.1590881347656,52.9232597351074
81.8428039550781,62.9101867675781,53.1666145324707
81.0168838500977,71.2766418457031,53.3632316589355
72.5543670654297,79.5764083862305,52.7649269104004
67.4684753417969,67.4022750854492,55.2771110534668
82.9831466674805,61.5857276916504,53.7400436401367
82.3650054931641,59.2983627319336,52.7540740966797
70.6762619018555,61.2763366699219,54.0213584899902
73.9948654174805,80.3270645141602,52.4495506286621
74.3923721313477,80.648567199707,52.6373863220215
67.4082565307617,70.0922012329102,54.3642234802246
68.4735717773438,65.7472534179688,53.1411781311035
74.2667846679688,86.1286315917969,54.2499008178711
79.501823425293,91.7569274902344,54.5023002624512
80.9863739013672,91.5213394165039,54.7851715087891
74.0225372314453,83.5766983032227,53.1871376037598
74.7465972900391,79.6721420288086,53.2696304321289
76.3709716796875,58.744743347168,54.0513076782227
69.3160629272461,65.5272827148438,54.1433029174805
73.5025253295898,58.8784484863281,54.5642204284668
71.9134750366211,75.2973937988281,53.8479690551758
80.2805862426758,81.0685653686523,53.5860824584961
80.0477981567383,77.9210433959961,53.4248275756836
81.2914581298828,65.6510543823242,54.7866668701172
73.1126403808594,78.1724700927734,53.0942497253418
82.7438354492188,59.1542282104492,54.712947845459
77.8501358032227,58.0515937805176,54.9387474060059
71.2516479492188,60.1635398864746,54.1851844787598
79.9402236938477,58.684154510498,53.1832466125488
72.1930084228516,59.3169097900391,55.882209777832
73.2611465454102,77.2568283081055,53.6545829772949
83.3986206054688,60.4856719970703,54.9063568115234
75.4656829833984,80.7960586547852,54.1400451660156
80.4904098510742,82.2406158447266,54.6150817871094
80.6801300048828,84.1633682250977,54.0754661560059
80.9566192626953,86.8548583984375,54.4468078613281
81.5602951049805,75.1965026855469,55.4628067016602
75.208854675293,87.9800491333008,54.0533332824707
82.1859588623047,88.6893463134766,54.9759979248047
79.3751602172852,80.3036422729492,54.4242057800293
82.2842864990234,89.7281188964844,54.8665161132812
76.6198654174805,89.0117568969727,53.5385551452637
76.7658233642578,88.3720626831055,55.0411987304688
74.2929763793945,78.384407043457,53.6089859008789
74.8145980834961,78.5389785766602,54.3158264160156
70.0764465332031,65.6370162963867,55.8702392578125
70.5366592407227,64.7845458984375,54.8984222412109
74.8441772460938,86.9629745483398,54.5649948120117
68.5955200195312,72.5778427124023,54.8357276916504
81.7132186889648,87.973503112793,55.4656944274902
81.649299621582,63.2972869873047,54.9643516540527
80.529182434082,77.2261657714844,54.3072242736816
82.1510314941406,62.5481872558594,54.6498756408691
80.750846862793,69.3067016601562,56.7016716003418
72.1869583129883,74.8751449584961,55.3617362976074
80.6061782836914,58.3164138793945,55.9540061950684
74.9422225952148,77.3830413818359,56.0831146240234
75.5559921264648,80.016471862793,54.6920852661133
68.2241592407227,70.5840301513672,55.8069725036621
71.4247817993164,74.4462661743164,55.2459945678711
80.108772277832,84.043586730957,55.2819862365723
74.8475646972656,85.5094146728516,55.2193908691406
73.2350845336914,75.8556976318359,56.1471138000488
77.300163269043,89.9860916137695,55.0211219787598
75.7925415039062,83.1921310424805,55.3050804138184
74.0908737182617,58.2627143859863,55.8802185058594
81.5000076293945,64.9894027709961,56.9674606323242
81.7731323242188,58.6172561645508,54.8218650817871
80.6679992675781,67.2803115844727,56.3450241088867
79.8952560424805,78.4696502685547,56.6945304870605
79.4594345092773,79.1626510620117,55.1883163452148
75.5954284667969,58.0048675537109,56.0711708068848
67.6551818847656,68.7266616821289,55.7510452270508
80.6372680664062,86.9223480224609,55.430103302002
70.4155502319336,63.0434684753418,55.2922630310059
69.5929565429688,74.0245819091797,54.9809265136719
78.8657989501953,57.9574584960938,55.3281517028809
80.677848815918,76.3675231933594,56.6486549377441
67.9573822021484,66.692626953125,55.6792221069336
78.6687240600586,79.9498519897461,55.6338920593262
78.1767425537109,80.5630187988281,55.2328109741211
80.0225830078125,83.333610534668,55.3118515014648
82.5127716064453,72.5698623657227,57.1150016784668
77.5795974731445,86.6172103881836,56.6392478942871
81.6868362426758,90.1887969970703,55.917163848877
74.0148849487305,76.6154556274414,56.1290740966797
80.1608428955078,91.1128387451172,56.4859199523926
76.9237594604492,80.9503479003906,55.120777130127
83.1743240356445,61.6904220581055,57.0027770996094
70.3728790283203,61.8729515075684,56.2383842468262
70.8975982666016,65.138053894043,56.8340530395508
75.6554565429688,78.426872253418,58.4075241088867
77.8905868530273,82.9321212768555,55.3259506225586
68.3074417114258,67.193115234375,56.7424087524414
81.5039672851562,89.1431121826172,56.5497436523438
71.4140930175781,73.8719863891602,56.3516235351562
70.7953872680664,73.1440200805664,56.463451385498
69.4442901611328,72.957275390625,55.8885192871094
78.2919616699219,90.2066879272461,56.1522750854492
82.0932312011719,71.4318084716797,56.9084091186523
82.9982604980469,59.2328453063965,56.6372413635254
81.8907318115234,62.8104095458984,57.4719429016113
81.5937881469727,63.431037902832,57.6731338500977
80.0166625976562,87.6342697143555,56.521183013916
77.6612701416016,56.8059959411621,58.4823417663574
76.9020233154297,80.1537628173828,57.1097526550293
76.0904006958008,79.4563064575195,57.3799781799316
79.2199859619141,83.9517669677734,55.6536598205566
79.5403671264648,85.8118743896484,56.3647422790527
77.3437576293945,84.8488311767578,57.0353088378906
78.182373046875,79.896369934082,56.687557220459
81.9206237792969,74.2909088134766,55.9964904785156
78.3710861206055,88.0201187133789,56.6747512817383
69.9232177734375,66.3448715209961,56.8560028076172
74.8699035644531,57.6647491455078,58.0578918457031
83.3218612670898,60.8064727783203,58.3090972900391
78.3950881958008,85.628044128418,57.0787925720215
80.896110534668,89.5774612426758,57.1600608825684
79.4222106933594,87.9239959716797,56.9345932006836
78.8888244628906,79.4112701416016,57.2696914672852
79.3957366943359,57.8409042358398,56.4172286987305
78.5373687744141,56.8554573059082,58.557258605957
79.6430282592773,89.7458419799805,57.3946990966797
68.4321441650391,69.6276626586914,56.4768562316895
80.5373764038086,58.0518074035645,57.8289604187012
71.7544631958008,59.4756927490234,58.1364440917969
70.6531829833984,60.6241836547852,58.1734619140625
69.8259124755859,62.5666313171387,58.2326011657715
72.4563903808594,73.8510055541992,57.5344390869141
69.8911056518555,71.3264999389648,57.4981803894043
76.8135604858398,79.7403106689453,58.1571655273438
75.3791656494141,75.4451217651367,57.3350524902344
75.4960556030273,76.5166320800781,57.2528915405273
70.0363235473633,70.0977935791016,57.6322822570801
69.2504501342773,69.3140335083008,56.9206047058105
80.3403625488281,76.3229598999023,58.5560455322266
79.7640228271484,78.3819808959961,58.994758605957
80.8419952392578,69.7176208496094,57.9250907897949
81.7914123535156,75.2054138183594,57.6932678222656
80.5293655395508,66.7137985229492,58.0802879333496
73.9608917236328,74.6250762939453,57.7500076293945
79.1101226806641,56.9008102416992,59.3284568786621
73.1002197265625,58.1439628601074,58.7025680541992
71.2173080444336,65.8310546875,58.0545921325684
77.5738220214844,79.5662155151367,59.0989532470703
70.34228515625,68.3593902587891,57.6258125305176
71.7631912231445,72.5840301513672,57.4542503356934
82.6242446899414,74.1020736694336,59.1513404846191
82.4481201171875,71.6749725341797,58.7931365966797
82.7768936157227,59.1418838500977,57.5535736083984
80.9441604614258,58.2373962402344,58.9612045288086
83.0218887329102,61.5595626831055,58.9087219238281
81.4051971435547,64.8343124389648,58.1066055297852
69.9639205932617,63.8249397277832,59.4580993652344
76.4541091918945,78.9660339355469,59.3161010742188
76.1244888305664,74.8110122680664,58.5133361816406
70.9729309082031,65.1661376953125,58.4946022033691
71.3790664672852,69.2311401367188,58.371509552002
83.0967483520508,60.1252937316895,58.9879035949707
78.9158172607422,79.125846862793,59.4449195861816
81.1699600219727,64.5055847167969,59.547607421875
74.5553817749023,73.3246994018555,59.1293525695801
73.2526321411133,72.4462814331055,58.4135398864746
71.3574829101562,70.2803497314453,57.7514381408691
76.5964431762695,75.5001220703125,59.4991798400879
76.047737121582,73.9305038452148,59.0045051574707
76.1563110351562,77.3271255493164,60.5290184020996
80.4365768432617,67.4310531616211,58.1236839294434
72.441291809082,69.9040451049805,58.4132804870605
81.0674514770508,58.5100135803223,59.9786109924316
82.4571151733398,59.7372245788574,59.8303909301758
81.1813201904297,62.563419342041,60.1132469177246
71.8834838867188,68.2186584472656,59.1944122314453
79.726318359375,66.6485595703125,59.384147644043
80.5952835083008,65.4825210571289,59.6463165283203
72.0660934448242,66.3955535888672,59.300838470459
82.8283004760742,73.1760787963867,60.6232147216797
73.2549667358398,69.2350463867188,58.4816513061523
75.0214538574219,69.1071014404297,58.9820785522461
74.1742248535156,68.3559188842773,59.1844635009766
74.3119964599609,70.3601531982422,58.3965873718262
76.2211837768555,67.970329284668,58.3179168701172
76.3251342773438,67.0680084228516,58.6084480285645
74.7198257446289,67.4181747436523,59.3797912597656
74.9715881347656,71.0282211303711,59.143856048584
80.0781021118164,68.5775604248047,59.7964782714844
74.5510864257812,66.5636978149414,59.94384765625
80.8705520629883,70.1915588378906,58.9488372802734
76.5780410766602,69.3270492553711,59.1657791137695
79.6603851318359,76.3953475952148,60.3715171813965
71.4026489257812,59.2423973083496,61.4190444946289
81.8610610961914,75.4358673095703,60.4874572753906
69.7405090332031,62.1711082458496,59.9747009277344
78.9004287719727,66.8033142089844,60.127140045166
78.9117431640625,68.4911727905273,61.1283760070801
77.9017791748047,66.810432434082,60.3143348693848
75.5236129760742,72.0047302246094,59.3608322143555
76.3347549438477,71.212532043457,59.8676681518555
76.7348022460938,77.6171646118164,61.5431365966797
76.9264831542969,74.5529403686523,59.8384284973145
81.0210571289062,63.4580421447754,61.1139335632324
72.7481155395508,58.1546478271484,60.4489822387695
79.9586868286133,57.2020454406738,61.2904319763184
77.2869644165039,66.4447784423828,60.6793594360352
73.5257873535156,66.2165145874023,59.995792388916
82.2604522705078,60.6785888671875,60.4321174621582
78.9029388427734,66.096794128418,60.7989883422852
77.0852279663086,73.0040283203125,60.0741729736328
77.6511154174805,70.7806930541992,60.1770820617676
78.9382400512695,78.3028030395508,60.7693481445312
79.0410995483398,69.7187423706055,60.4026222229004
77.6691284179688,68.3293914794922,60.7184448242188
77.9717025756836,78.4128341674805,61.3876037597656
79.8653869628906,70.4777679443359,60.382984161377
81.6638031005859,71.1310424804688,61.2845726013184
79.7226181030273,65.8881912231445,60.8150253295898
78.4505844116211,56.3579559326172,61.7338485717773
70.2303619384766,63.9787063598633,60.4996643066406
69.9810943603516,63.1695823669434,60.8536415100098
78.5097503662109,76.474723815918,61.6089324951172
72.1202545166016,65.5923461914062,60.8695335388184
80.784797668457,62.4214401245117,60.8272972106934
80.8067169189453,60.6164703369141,61.7266883850098
81.1030197143555,64.6864624023438,61.1762237548828
77.5647048950195,72.4685363769531,60.9203872680664
78.6570053100586,70.9655075073242,60.9804382324219
82.5773315429688,74.6966018676758,62.7754859924316
75.7178268432617,57.0030632019043,62.0748748779297
77.3078308105469,56.3850173950195,61.7170104980469
77.6327133178711,75.6612319946289,61.3581352233887
80.8269119262695,58.651741027832,61.4642906188965
80.3494491577148,70.8323211669922,61.7850456237793
76.0459365844727,65.6878356933594,62.0464363098145
78.1843643188477,77.7793502807617,61.7122611999512
71.1307601928711,64.1282043457031,61.7528228759766
81.3467178344727,59.7745399475098,61.365364074707
70.245361328125,63.1731719970703,61.2711296081543
73.6021575927734,57.529727935791,61.7853698730469
82.4646530151367,72.4624481201172,62.2837257385254
80.7070465087891,76.0983047485352,62.0227127075195
71.1529846191406,60.111457824707,62.1260147094727
70.6608657836914,61.6616554260254,61.9513282775879
77.3497772216797,73.7594528198242,61.0849761962891
79.7579040527344,62.1526832580566,62.2145881652832
78.8245239257812,71.2785339355469,62.0523643493652
77.6063079833984,65.2478713989258,62.6737213134766
80.7396774291992,59.4853706359863,62.5803565979004
72.0379409790039,58.2471237182617,62.7391052246094
77.9958190917969,75.8706436157227,61.7898101806641
77.6832046508789,74.2211380004883,64.4159774780273
71.8671875,64.5072555541992,61.9102592468262
80.6886749267578,63.2786064147949,63.5771980285645
73.3357925415039,64.068977355957,62.7357292175293
71.3038177490234,62.3684997558594,62.5213088989258
78.7944717407227,65.7719421386719,62.4550628662109
78.5054550170898,55.8721160888672,64.529541015625
80.8720474243164,65.2528076171875,62.6639213562012
81.6344146728516,71.3167037963867,63.1691513061523
71.431266784668,61.0028686523438,63.1941452026367
78.4682846069336,71.8041687011719,64.0446319580078
80.1945419311523,60.7826728820801,62.9742851257324
72.2128448486328,62.8540840148926,63.0416450500488
77.7537460327148,72.6572265625,64.2341232299805
81.7156829833984,75.8463973999023,63.7547035217285
72.5905227661133,57.6977577209473,63.5492401123047
79.8919830322266,65.6926345825195,64.5570602416992
79.794807434082,56.7870559692383,62.9307136535645
82.1889343261719,73.1214141845703,64.3378677368164
81.2330932617188,64.3632507324219,63.7526016235352
74.5814666748047,57.0924530029297,63.9704856872559
76.1362609863281,56.5352478027344,64.6781539916992
73.1924743652344,63.3174018859863,63.4074935913086
78.8523864746094,62.3876609802246,63.2970352172852
79.1122055053711,76.0564575195312,63.3032188415527
72.0979919433594,61.1794052124023,64.2165145874023
80.3620376586914,59.1990737915039,64.6797637939453
80.1474456787109,71.1071853637695,64.1717071533203
80.8601226806641,75.8016815185547,65.1232528686523
71.6601943969727,58.7363624572754,63.8997802734375
74.7665481567383,63.8340873718262,63.7729034423828
76.4854965209961,64.6088714599609,63.0987586975098
80.9482955932617,63.6361236572266,64.2993087768555
79.2577590942383,63.0213813781738,64.2887268066406
80.3585052490234,57.3526458740234,64.8825225830078
77.5415115356445,64.7077865600586,63.2606048583984
78.4859313964844,65.1313629150391,65.5073547363281
78.3077850341797,75.3664474487305,64.2458267211914
72.789421081543,60.8575248718262,65.1848068237305
72.1272277832031,58.0620040893555,64.4929275512695
71.8943405151367,59.6202278137207,64.7238922119141
80.8455963134766,65.1262359619141,64.992317199707
78.0717544555664,63.023006439209,63.3850860595703
76.7786636352539,63.4774284362793,63.5663909912109
79.68017578125,60.0627479553223,66.2145843505859
78.7879409790039,61.7157211303711,64.1461410522461
78.4301605224609,63.4287719726562,64.1802291870117
76.6517333984375,61.5576515197754,65.8949890136719
80.841796875,71.4616851806641,65.1008987426758
71.8197937011719,58.5149154663086,64.870979309082
81.2961120605469,75.1333465576172,65.6194305419922
79.7947998046875,56.3865547180176,66.0001602172852
77.691032409668,61.9296035766602,64.9749984741211
78.8979110717773,64.2535934448242,66.3774185180664
72.8545379638672,57.7835235595703,65.4447937011719
78.890495300293,72.100341796875,65.6453094482422
77.0068893432617,56.2511940002441,66.7428359985352
79.6770095825195,75.6772994995117,65.2143173217773
79.0003662109375,74.8570938110352,66.1738128662109
74.9097213745117,61.349681854248,66.2048797607422
78.1330108642578,73.6109313964844,65.5303192138672
78.1890640258789,60.4730262756348,67.2869033813477
81.149040222168,73.4355926513672,66.0827102661133
72.5003967285156,59.0323524475098,65.8217391967773
80.2225341796875,63.5574722290039,65.6312789916992
74.1785507202148,57.4299659729004,65.8010635375977
78.824577331543,55.7857398986816,66.6130828857422
79.5155029296875,65.1256942749023,66.3609619140625
80.1770858764648,57.9924736022949,68.416618347168
75.2485656738281,56.530590057373,66.3994216918945
80.4398193359375,57.7123413085938,66.6957778930664
80.1510925292969,56.8672294616699,66.8843231201172
80.3502349853516,64.238037109375,66.4215545654297
72.5885620117188,58.498462677002,66.0650863647461
75.3741302490234,60.2147750854492,67.3348159790039
79.6859283447266,72.5884628295898,66.5588912963867
74.5814361572266,60.8339157104492,66.4159393310547
74.016242980957,58.2516326904297,66.9001235961914
73.7646255493164,58.9610328674316,66.6012802124023
74.8193206787109,59.5239639282227,67.5275802612305
79.9624862670898,73.9205780029297,66.6364898681641
77.3058166503906,60.0437812805176,68.2603149414062
74.9405517578125,56.7900466918945,68.7333374023438
78.0350570678711,55.7143440246582,67.9392013549805
79.0352020263672,55.7784690856934,67.5248489379883
76.0269393920898,56.2516860961914,69.6166763305664
75.0166320800781,57.8478698730469,70.1022415161133
76.0583419799805,58.8122711181641,69.2584915161133
79.6889572143555,56.8193550109863,69.7716522216797
78.4219589233398,58.5821876525879,69.471061706543
79.6507186889648,57.8925857543945,69.6961898803711
78.5247650146484,55.1858596801758,69.8415679931641
77.427375793457,55.3245429992676,70.7878723144531
79.2774429321289,55.5447311401367,71.2177429199219
78.809684753418,57.8462257385254,70.8151702880859
76.2886657714844,55.8761825561523,71.3896865844727
79.1167831420898,57.3960990905762,71.4997024536133
75.9261932373047,57.0719757080078,70.8408432006836
76.8040237426758,57.6057014465332,70.3272171020508
78.6498870849609,55.1128959655762,71.4636154174805
79.3180847167969,56.1908340454102,72.6848449707031
77.9620590209961,57.3183403015137,72.5841293334961
76.71240234375,55.3496284484863,73.2857513427734
76.0983428955078,56.4926986694336,72.8789367675781
78.4470138549805,55.3711814880371,73.2762680053711
78.5671234130859,56.7457237243652,74.0996627807617
76.9668197631836,56.4917144775391,74.1677474975586
76.6518630981445,55.8558769226074,74.1526870727539
77.8555374145508,55.9425621032715,74.5031204223633
